FULL PER-BAND NOISE-FLOOR TABLE
Fs = 5000.00 Hz  carrier = 930.500 Hz  Nyquist = 2500.0 Hz
record = 500000 samples (100.0 s)  Welch NFFT = 8192  bin = 0.610 Hz
candidate carrier-free bands = 106  (guard ±3.0 Hz from every comb line)
'clean' = no bin > band-median + 6.0 dB;  bw_ratio = density spread across halfwidths [2, 5, 10, 20]

========================================================================
A2V-16_A1
========================================================================
 center Hz   density mV^2/Hz  worst dB  bw_ratio   clean
    1955.8         1.410e-03       1.1      1.00     yes
    1755.2         1.452e-03       1.0      1.00     yes
    1681.5         1.456e-03       2.7      1.04     yes
     336.0         1.459e-03       6.7      1.05     NO*
    1743.8         1.473e-03       1.3      1.00     yes
     135.0         1.571e-03       8.5      1.06     NO*
    1331.2         1.571e-03       9.3      1.16     NO*
    1525.0         1.591e-03       7.1      1.05     NO*
    1726.0         1.614e-03       7.0      1.02     NO*
      42.2         1.616e-03       3.5      1.00     yes
     313.0         1.631e-03       3.9      1.06     yes
    1258.2         1.633e-03       5.4      1.14     yes
    2264.5         1.639e-03       9.2      1.07     NO*
     290.8         1.643e-03       3.5      1.09     yes
     892.2         1.647e-03       5.5      1.00     yes
    1543.2         1.655e-03       1.7      1.00     yes
    2174.0         1.675e-03       9.2      1.00     NO*
    1367.0         1.675e-03       7.1      1.05     NO*
     194.8         1.676e-03       0.8      1.00     yes
    1140.8         1.684e-03       2.3      1.09     yes
    1413.0         1.687e-03       5.2      1.13     yes
    1569.5         1.688e-03       5.1      1.08     yes
     179.5         1.689e-03       7.4      1.06     NO*
     491.2         1.690e-03       2.5      1.20     yes
    1222.0         1.702e-03       3.8      1.07     yes
    2358.2         1.720e-03       4.3      1.15     yes
     633.8         1.721e-03       3.8      1.09     yes
    1458.8         1.737e-03       7.4      1.12     NO*
    2109.8         1.739e-03      12.3      1.15     NO*
     242.8         1.744e-03       7.1      1.00     NO*
    1589.8         1.751e-03       2.1      1.00     yes
    1813.2         1.765e-03       4.7      1.15     yes
    1919.2         1.796e-03       6.8      1.07     NO*
    1791.8         1.815e-03       4.1      1.19     yes
    1057.8         1.821e-03      16.6      1.00     NO*
    1660.8         1.829e-03       6.4      1.08     NO*
     560.8         1.854e-03       6.3      1.14     NO*
     761.2         1.860e-03      18.9      1.12     NO*
     784.0         1.875e-03       7.3      1.12     NO*
    1188.8         1.879e-03      13.6      1.12     NO*
      88.8         1.894e-03       7.2      1.05     NO*
    1944.2         1.909e-03       5.1      1.00     yes
    1479.0         1.909e-03       3.3      1.16     yes
    2028.8         1.929e-03      10.4      1.19     NO*
    2240.8         1.930e-03       5.3      1.16     yes
      63.8         1.947e-03      12.7      1.42     NO*
     527.0         1.954e-03      11.6      1.04     NO*
    2156.2         1.959e-03       2.3      1.00     yes
    1772.0         1.964e-03       9.1      1.00     NO*
     270.0         1.970e-03       2.9      1.04     yes
    2192.8         1.972e-03       0.8      1.00     yes
     655.2         1.976e-03       2.2      1.00     yes
    1707.2         1.985e-03       3.0      1.00     yes
    1506.8         1.991e-03       1.6      1.00     yes
    2310.2         2.003e-03      10.4      1.14     NO*
    2131.0         2.026e-03       7.1      1.08     NO*
    1614.0         2.058e-03       6.5      1.49     NO*
    1884.0         2.062e-03      14.5      1.02     NO*
     206.2         2.067e-03       2.1      1.00     yes
    1838.0         2.069e-03      15.3      1.09     NO*
    1436.0         2.070e-03      12.5      1.01     NO*
    1115.8         2.070e-03       9.4      1.92     NO*
    1294.8         2.089e-03       2.3      1.00     yes
    1077.0         2.109e-03       8.8      1.07     NO*
    2383.2         2.114e-03      18.7      1.06     NO*
    1094.2         2.152e-03      12.4      1.00     NO*
     382.0         2.155e-03       2.5      1.24     yes
    2489.2         2.171e-03       5.9      1.13     yes
     159.8         2.237e-03      13.2      1.39     NO*
    2421.0         2.242e-03       5.8      1.06     yes
     739.8         2.248e-03       6.0      1.00     NO*
    2085.0         2.277e-03      18.0      1.36     NO*
     224.0         2.288e-03      18.3      1.49     NO*
     874.5         2.290e-03       8.2      1.71     NO*
    2220.0         2.343e-03      12.2      1.18     NO*
    2286.0         2.390e-03      15.0      1.06     NO*
    2062.0         2.402e-03       6.4      1.30     NO*
    2467.0         2.403e-03      18.8      1.26     NO*
    1637.0         2.475e-03      17.7      1.63     NO*
     360.2         2.541e-03      14.6      1.53     NO*
     830.0         2.547e-03      15.5      1.23     NO*
     986.5         2.654e-03       7.4      1.01     NO*
     672.0         2.899e-03      20.1      1.35     NO*
     965.0         2.953e-03      15.3      1.00     NO*
     809.2         3.023e-03      14.7      1.80     NO*
    1031.0         3.047e-03      18.4      2.54     NO*
     857.2         3.170e-03       4.8      1.00     yes
    1389.2         3.192e-03      24.6      2.75     NO*
    1306.2         3.339e-03       9.4      1.00     NO*
    2441.2         3.507e-03      44.4      1.40     NO*
     718.0         3.525e-03       4.3      1.17     yes
    1992.2         3.634e-03       4.0      1.00     yes
    2332.0         3.974e-03       9.9      2.03     NO*
    1009.8         3.992e-03       9.3      1.16     NO*
     608.8         4.430e-03      12.3      2.53     NO*
     471.0         6.200e-03      17.0      5.65     NO*
     919.0         6.613e-03      24.1      1.31     NO*
     940.2         7.031e-03      23.7      1.24     NO*
      27.2         7.035e-03      19.0      1.00     NO*
     691.8         1.715e-02      37.1      1.00     NO*
     112.0         8.648e-02      33.7     82.73     NO*
    1973.0         1.877e-01      37.1    113.27     NO*
    1166.0         4.317e-01      39.7    116.40     NO*
     583.0         5.097e-01      49.9    135.09     NO*
    1278.0         7.435e-01      57.1    180.88     NO*
    1861.2         7.123e+02      67.1  65728.00     NO*
  consensus floor = 1.758e-03 mV^2/Hz over 38 clean bands  ->  Var(n) = 0.0070 mV^2  (RMS 83.9 uV)
  carrier a = 969.820 mV  ->  SNR = 78.3 dB in the 4 Hz demod band

========================================================================
A2V-16_A2
========================================================================
 center Hz   density mV^2/Hz  worst dB  bw_ratio   clean
    1258.2         1.659e-03       5.8      1.07     yes
    1543.2         1.675e-03       1.7      1.00     yes
    1884.0         1.696e-03      13.4      1.07     NO*
    1294.8         1.712e-03       0.9      1.00     yes
     290.8         1.722e-03       3.3      1.00     yes
    1367.0         1.736e-03       4.1      1.04     yes
    1569.5         1.762e-03       4.9      1.03     yes
    1743.8         1.763e-03       5.9      1.00     yes
    1726.0         1.772e-03       7.4      1.09     NO*
    1755.2         1.791e-03       0.5      1.00     yes
     159.8         1.799e-03       4.6      1.01     yes
    1458.8         1.805e-03       4.7      1.00     yes
     242.8         1.818e-03       4.1      1.00     yes
    1589.8         1.820e-03       2.5      1.00     yes
    1094.2         1.826e-03      13.7      1.00     NO*
      42.2         1.834e-03       1.2      1.00     yes
     313.0         1.834e-03       4.5      1.05     yes
     560.8         1.840e-03       2.3      1.02     yes
    1955.8         1.847e-03       1.0      1.00     yes
      88.8         1.865e-03       7.3      1.07     NO*
     135.0         1.869e-03       5.8      1.01     yes
    1413.0         1.880e-03       6.1      1.06     NO*
     179.5         1.904e-03      14.5      1.08     NO*
    2264.5         1.908e-03       9.0      1.17     NO*
    2156.2         1.913e-03       1.3      1.00     yes
    1436.0         1.914e-03       7.9      1.04     NO*
    1772.0         1.918e-03       9.2      1.01     NO*
    1813.2         1.923e-03       5.3      1.07     yes
     761.2         1.925e-03      19.2      1.11     NO*
    1115.8         1.930e-03      10.1      1.01     NO*
    1057.8         1.941e-03      20.5      1.00     NO*
    2109.8         1.942e-03      11.5      1.32     NO*
    1506.8         1.954e-03       2.1      1.00     yes
    1479.0         1.961e-03       2.0      1.10     yes
    2028.8         1.981e-03       6.2      1.30     NO*
     206.2         1.983e-03       2.1      1.00     yes
    1222.0         1.999e-03       4.5      1.11     yes
    1660.8         2.009e-03       3.1      1.00     yes
    1681.5         2.011e-03       5.7      1.03     yes
     655.2         2.018e-03       4.1      1.00     yes
    1838.0         2.024e-03      14.1      1.02     NO*
     382.0         2.046e-03       3.5      1.00     yes
    2174.0         2.049e-03       8.4      1.08     NO*
    1188.8         2.072e-03      14.2      1.08     NO*
    1944.2         2.084e-03       0.4      1.00     yes
     491.2         2.086e-03       2.7      1.06     yes
    1791.8         2.105e-03       4.1      1.23     yes
    1306.2         2.114e-03       2.0      1.00     yes
     633.8         2.123e-03       3.7      1.09     yes
    1077.0         2.126e-03       7.6      1.28     NO*
    2358.2         2.134e-03       3.7      1.01     yes
    1140.8         2.134e-03       3.4      1.00     yes
     857.2         2.135e-03       3.8      1.00     yes
    2131.0         2.139e-03       7.0      1.03     NO*
     194.8         2.142e-03       0.9      1.00     yes
    2310.2         2.175e-03      11.2      1.05     NO*
      63.8         2.181e-03      25.2      1.51     NO*
    2383.2         2.214e-03      18.4      1.18     NO*
     784.0         2.225e-03       7.2      1.08     NO*
     892.2         2.243e-03       5.0      1.00     yes
     270.0         2.248e-03       3.2      1.11     yes
     874.5         2.250e-03      17.1      1.25     NO*
     739.8         2.269e-03       2.5      1.15     yes
    1331.2         2.288e-03       9.0      1.36     NO*
    2240.8         2.297e-03       4.9      1.09     yes
     965.0         2.344e-03      11.4      1.00     NO*
     527.0         2.354e-03      11.8      1.09     NO*
     336.0         2.382e-03      10.1      1.57     NO*
    1637.0         2.387e-03      16.9      1.28     NO*
    2192.8         2.412e-03      10.5      1.00     NO*
    2085.0         2.434e-03      19.0      1.17     NO*
    1525.0         2.480e-03      10.3      1.87     NO*
    2489.2         2.482e-03       6.1      1.04     NO*
    1707.2         2.545e-03       3.6      1.00     yes
    2062.0         2.572e-03       6.5      1.24     NO*
     224.0         2.588e-03      18.1      1.35     NO*
    2286.0         2.596e-03      15.4      1.01     NO*
    2421.0         2.614e-03       6.4      1.20     NO*
    1919.2         2.637e-03       9.9      1.24     NO*
     986.5         2.717e-03      16.0      1.08     NO*
    2220.0         2.762e-03      12.4      1.52     NO*
    2441.2         2.789e-03      36.3      1.33     NO*
     830.0         2.811e-03      17.7      1.28     NO*
    1614.0         2.920e-03       9.3      2.08     NO*
    2467.0         3.078e-03      18.5      1.28     NO*
     360.2         3.539e-03      14.8      2.61     NO*
    1031.0         3.591e-03      19.3      2.80     NO*
     718.0         3.654e-03       5.1      1.09     yes
    1992.2         3.795e-03       2.2      1.00     yes
     672.0         3.828e-03      20.4      1.06     NO*
    1009.8         3.995e-03       9.8      1.16     NO*
    1389.2         4.274e-03      26.6      3.47     NO*
     809.2         4.489e-03      21.1      1.72     NO*
     919.0         4.579e-03      26.9      1.00     NO*
     608.8         4.795e-03      12.3      2.72     NO*
      27.2         6.268e-03      18.0      1.00     NO*
    2332.0         6.801e-03      22.7      3.03     NO*
     691.8         9.062e-03      30.1      1.00     NO*
     940.2         9.458e-03      23.5      1.35     NO*
     471.0         2.523e-02      25.2     19.75     NO*
    1278.0         3.382e-02      44.6     20.67     NO*
     112.0         3.423e-02      28.9     27.75     NO*
    1973.0         4.659e-02      30.2     29.98     NO*
     583.0         5.900e-02      42.3     26.94     NO*
    1166.0         8.605e-02      32.7     42.57     NO*
    1861.2         6.210e+01      56.3  30383.49     NO*
  consensus floor = 1.983e-03 mV^2/Hz over 43 clean bands  ->  Var(n) = 0.0079 mV^2  (RMS 89.1 uV)
  carrier a = 1052.108 mV  ->  SNR = 78.4 dB in the 4 Hz demod band

========================================================================
A2V-16_A3
========================================================================
 center Hz   density mV^2/Hz  worst dB  bw_ratio   clean
    1543.2         1.443e-03       1.5      1.00     yes
    1755.2         1.487e-03       1.9      1.00     yes
    1884.0         1.532e-03       6.3      1.11     NO*
     290.8         1.545e-03       3.2      1.02     yes
     159.8         1.595e-03       3.8      1.07     yes
    1294.8         1.610e-03       1.1      1.00     yes
    1681.5         1.616e-03       5.9      1.00     yes
    1955.8         1.621e-03       0.8      1.00     yes
    1258.2         1.625e-03       5.1      1.07     yes
    2156.2         1.647e-03       2.0      1.00     yes
     313.0         1.648e-03       4.5      1.11     yes
    1057.8         1.653e-03       3.4      1.00     yes
    1944.2         1.658e-03       0.6      1.00     yes
    2240.8         1.673e-03       2.5      1.07     yes
    1458.8         1.677e-03       4.2      1.05     yes
    1813.2         1.678e-03       5.4      1.03     yes
     382.0         1.692e-03       1.9      1.08     yes
    1115.8         1.696e-03       9.2      1.03     NO*
     655.2         1.698e-03       4.3      1.00     yes
     336.0         1.698e-03       5.3      1.10     yes
    1589.8         1.709e-03       1.7      1.04     yes
     560.8         1.711e-03       1.7      1.00     yes
    1413.0         1.714e-03       4.9      1.04     yes
    1506.8         1.716e-03       2.6      1.00     yes
    1569.5         1.726e-03       4.1      1.06     yes
    1479.0         1.727e-03       1.7      1.00     yes
     761.2         1.727e-03      18.5      1.10     NO*
      42.2         1.728e-03       1.1      1.00     yes
    1726.0         1.737e-03       4.9      1.05     yes
    1838.0         1.750e-03       3.6      1.02     yes
    1436.0         1.755e-03       6.6      1.06     NO*
    1525.0         1.767e-03       2.5      1.08     yes
    2174.0         1.775e-03       8.0      1.00     NO*
     270.0         1.778e-03       3.1      1.06     yes
    2109.8         1.778e-03       9.9      1.16     NO*
    2085.0         1.782e-03       3.0      1.10     yes
    2192.8         1.783e-03       1.3      1.00     yes
    1331.2         1.784e-03       8.1      1.44     NO*
     135.0         1.789e-03       8.6      1.00     NO*
    1660.8         1.793e-03       1.2      1.02     yes
    1919.2         1.795e-03       7.2      1.17     NO*
     194.8         1.795e-03       1.1      1.00     yes
    1743.8         1.796e-03       1.3      1.00     yes
    1278.0         1.797e-03      20.8      1.04     NO*
     633.8         1.798e-03       3.2      1.17     yes
    2264.5         1.799e-03       8.3      1.01     NO*
    1772.0         1.801e-03       8.1      1.00     NO*
      88.8         1.810e-03       6.4      1.11     NO*
    2421.0         1.811e-03       6.4      1.09     NO*
    1614.0         1.812e-03       4.3      1.04     yes
    1222.0         1.816e-03       3.6      1.02     yes
     874.5         1.818e-03       6.7      1.04     NO*
    1637.0         1.819e-03       7.5      1.03     NO*
    2310.2         1.821e-03      10.4      1.05     NO*
    1306.2         1.822e-03       1.8      1.00     yes
     491.2         1.832e-03       2.0      1.03     yes
    2062.0         1.835e-03       5.7      1.01     yes
    1367.0         1.845e-03       3.5      1.03     yes
    1188.8         1.847e-03      13.1      1.01     NO*
     784.0         1.861e-03       6.3      1.37     NO*
    2028.8         1.868e-03       5.2      1.12     yes
    1791.8         1.897e-03       3.5      1.08     yes
    2220.0         1.901e-03      12.3      1.11     NO*
     179.5         1.914e-03      20.4      1.11     NO*
    1094.2         1.935e-03      12.3      1.00     NO*
    1077.0         1.938e-03       6.1      1.46     NO*
     206.2         1.938e-03       1.5      1.00     yes
    2286.0         1.941e-03      14.2      1.02     NO*
    2441.2         1.948e-03      12.6      1.09     NO*
     224.0         1.957e-03       2.4      1.07     yes
     112.0         1.957e-03      26.7      1.11     NO*
    2131.0         1.962e-03       6.6      1.04     NO*
    2358.2         1.994e-03       3.9      1.09     yes
     857.2         2.003e-03       3.4      1.00     yes
     892.2         2.036e-03       4.5      1.00     yes
     242.8         2.039e-03       6.8      1.00     NO*
    1389.2         2.050e-03       5.7      1.08     yes
    2383.2         2.050e-03      17.5      1.10     NO*
    1707.2         2.055e-03       3.7      1.00     yes
     360.2         2.058e-03      10.1      1.31     NO*
     583.0         2.067e-03      16.2      1.05     NO*
     527.0         2.074e-03      11.1      1.08     NO*
    2489.2         2.102e-03       5.2      1.04     yes
     986.5         2.118e-03       3.4      1.20     yes
     739.8         2.179e-03       2.7      1.04     yes
    1140.8         2.186e-03       4.2      1.36     yes
      63.8         2.236e-03      31.1      1.41     NO*
    1031.0         2.245e-03      17.5      1.42     NO*
    1973.0         2.304e-03       7.6      1.39     NO*
     830.0         2.320e-03      17.8      1.08     NO*
     809.2         2.362e-03       3.0      1.21     yes
     965.0         2.485e-03      13.6      1.14     NO*
    2332.0         2.529e-03       5.6      1.28     yes
     471.0         2.535e-03       5.3      1.56     yes
    2467.0         2.603e-03      17.4      1.21     NO*
     672.0         2.865e-03      19.6      1.08     NO*
    1992.2         2.918e-03       2.4      1.00     yes
    1009.8         3.043e-03       9.6      1.20     NO*
     718.0         3.399e-03       4.6      1.07     yes
     608.8         3.877e-03      11.7      2.58     NO*
    1166.0         4.301e-03       8.9      3.00     NO*
     919.0         4.484e-03      24.9      1.25     NO*
     940.2         4.954e-03      24.1      1.11     NO*
     691.8         5.286e-03      11.8      1.38     NO*
      27.2         5.364e-03      17.2      1.00     NO*
    1861.2         1.101e-01      30.5    107.77     NO*
  consensus floor = 1.782e-03 mV^2/Hz over 59 clean bands  ->  Var(n) = 0.0071 mV^2  (RMS 84.4 uV)
  carrier a = 870.291 mV  ->  SNR = 77.3 dB in the 4 Hz demod band

========================================================================
A2V-16_A4
========================================================================
 center Hz   density mV^2/Hz  worst dB  bw_ratio   clean
    1569.5         4.686e-04       9.3      1.15     NO*
    1258.2         4.702e-04      10.7      1.17     NO*
     313.0         4.724e-04       8.1      1.01     NO*
    1726.0         4.810e-04      10.8      1.00     NO*
     159.8         4.840e-04       8.2      1.11     NO*
    1543.2         4.889e-04       3.8      1.00     yes
    1506.8         4.918e-04       6.8      1.00     NO*
    1681.5         4.930e-04      10.5      1.19     NO*
    1413.0         4.971e-04      10.0      1.18     NO*
    1755.2         5.044e-04       1.7      1.00     yes
    1838.0         5.056e-04       7.9      1.00     NO*
    1525.0         5.059e-04       7.3      1.12     NO*
    1306.2         5.101e-04       5.1      1.00     yes
    1458.8         5.107e-04       9.2      1.07     NO*
     290.8         5.207e-04       6.7      1.00     NO*
     135.0         5.241e-04      14.4      1.07     NO*
    1884.0         5.269e-04      12.2      1.02     NO*
    1115.8         5.310e-04      14.8      1.22     NO*
     336.0         5.374e-04       9.9      1.15     NO*
    1743.8         5.521e-04       1.5      1.00     yes
    1955.8         5.559e-04       2.8      1.00     yes
    1772.0         5.698e-04      13.4      1.06     NO*
    1944.2         5.712e-04       1.9      1.00     yes
    2240.8         5.751e-04       6.0      1.04     yes
    1813.2         5.967e-04       9.5      1.22     NO*
    1436.0         6.077e-04      10.9      1.01     NO*
     382.0         6.175e-04       4.3      1.00     yes
     179.5         6.177e-04      15.3      1.21     NO*
    1367.0         6.233e-04       6.8      1.05     NO*
    1589.8         6.277e-04       4.3      1.03     yes
    2174.0         6.329e-04      13.0      1.02     NO*
    1479.0         6.371e-04       3.2      1.32     yes
     270.0         6.372e-04       7.3      1.09     NO*
     761.2         6.562e-04      22.6      1.27     NO*
     857.2         6.682e-04       6.5      1.00     NO*
     560.8         6.754e-04       4.6      1.02     yes
    1331.2         6.810e-04      13.5      2.53     NO*
     242.8         6.812e-04       4.4      1.00     yes
    1094.2         6.890e-04      17.6      1.00     NO*
      42.2         6.915e-04       2.2      1.00     yes
    2220.0         6.925e-04      17.2      1.11     NO*
     655.2         6.960e-04       6.6      1.00     NO*
    1294.8         6.971e-04       1.2      1.00     yes
     491.2         6.996e-04       5.4      1.01     yes
    2156.2         7.011e-04       3.9      1.00     yes
    1919.2         7.024e-04      12.0      1.13     NO*
    2028.8         7.057e-04      10.1      1.87     NO*
      88.8         7.064e-04      11.1      1.19     NO*
    1140.8         7.072e-04       5.6      1.13     yes
    1222.0         7.206e-04       7.8      1.09     NO*
    1614.0         7.238e-04       7.9      1.40     NO*
    1791.8         7.354e-04       8.5      1.76     NO*
    1660.8         7.361e-04       3.8      1.07     yes
    2192.8         7.378e-04       3.3      1.00     yes
    2264.5         7.385e-04      12.7      1.11     NO*
    2109.8         7.454e-04      15.6      1.93     NO*
     633.8         7.503e-04       6.8      1.71     NO*
     784.0         7.528e-04       9.8      1.51     NO*
    1389.2         7.549e-04       7.1      1.13     NO*
     206.2         7.584e-04       3.8      1.00     yes
    1637.0         7.617e-04      12.2      1.03     NO*
    1057.8         7.846e-04       4.4      1.00     yes
    2131.0         7.992e-04      11.2      1.08     NO*
     360.2         8.061e-04       6.8      1.61     NO*
     874.5         8.099e-04      11.4      1.26     NO*
    1077.0         8.195e-04       9.6      1.47     NO*
     194.8         8.492e-04       1.9      1.00     yes
    2421.0         8.519e-04       9.8      1.03     NO*
    1188.8         8.740e-04      18.6      1.36     NO*
    2310.2         8.746e-04      15.0      1.20     NO*
    2062.0         8.894e-04       9.2      1.07     NO*
     112.0         9.013e-04      21.7      1.96     NO*
      63.8         9.038e-04      24.2      1.71     NO*
    2085.0         9.233e-04       5.7      1.45     yes
    1707.2         9.304e-04       7.3      1.00     NO*
     892.2         9.439e-04       8.0      1.00     NO*
    2383.2         9.668e-04      21.2      1.30     NO*
    2358.2         1.014e-03       6.4      1.01     NO*
    2441.2         1.018e-03      23.5      1.23     NO*
     224.0         1.073e-03       4.6      1.80     yes
    2286.0         1.130e-03      18.4      1.00     NO*
     986.5         1.156e-03       5.9      1.42     yes
     527.0         1.159e-03      16.1      1.33     NO*
     739.8         1.168e-03       4.3      1.13     yes
    2489.2         1.263e-03       8.8      1.06     NO*
     471.0         1.266e-03       8.7      1.89     NO*
     830.0         1.500e-03      23.1      1.43     NO*
    1973.0         1.512e-03      15.5      2.87     NO*
    1031.0         1.526e-03      23.5      3.81     NO*
    2467.0         1.543e-03      21.0      1.38     NO*
     965.0         1.557e-03      16.7      1.81     NO*
    2332.0         1.591e-03      10.6      1.12     NO*
     809.2         1.711e-03       5.1      1.69     yes
    1278.0         1.765e-03      33.2      1.85     NO*
     583.0         1.837e-03      27.4      2.04     NO*
    1992.2         1.935e-03       3.5      1.00     yes
     672.0         1.943e-03      23.1      1.73     NO*
     718.0         2.341e-03       6.6      1.15     NO*
    1009.8         2.380e-03      12.0      1.42     NO*
     608.8         3.399e-03      15.4      4.80     NO*
     919.0         3.851e-03      26.7      1.30     NO*
     940.2         4.712e-03      25.3      1.20     NO*
    1166.0         5.032e-03      17.9      6.29     NO*
     691.8         5.254e-03      13.1      1.29     NO*
      27.2         5.833e-03      19.4      1.00     NO*
    1861.2         4.594e-01      40.3    830.28     NO*
  consensus floor = 6.983e-04 mV^2/Hz over 28 clean bands  ->  Var(n) = 0.0028 mV^2  (RMS 52.9 uV)
  carrier a = 1000.295 mV  ->  SNR = 82.5 dB in the 4 Hz demod band
