FULL PER-BAND NOISE-FLOOR TABLE
Fs = 5000.00 Hz  carrier = 930.500 Hz  Nyquist = 2500.0 Hz
record = 100000 samples (20.0 s)  Welch NFFT = 8192  bin = 0.610 Hz
candidate carrier-free bands = 106  (guard ±3.0 Hz from every comb line)
'clean' = no bin > band-median + 6.0 dB;  bw_ratio = density spread across halfwidths [2, 5, 10, 20]

========================================================================
A2V-16_A1
========================================================================
 center Hz   density mV^2/Hz  worst dB  bw_ratio   clean
    1506.8         3.507e-03       2.9      1.00     yes
    1791.8         3.580e-03       5.0      1.51     yes
    2264.5         3.840e-03       6.9      1.14     NO*
    1258.2         4.040e-03       3.9      1.11     yes
    1955.8         4.115e-03       1.8      1.00     yes
    1543.2         4.169e-03       2.3      1.00     yes
      42.2         4.413e-03       5.3      1.00     yes
     874.5         4.416e-03       5.5      1.14     yes
    1367.0         4.459e-03       7.6      1.06     NO*
     206.2         4.492e-03       1.0      1.00     yes
    1094.2         4.526e-03       3.6      1.00     yes
    1057.8         4.575e-03      18.7      1.00     NO*
     527.0         4.577e-03       5.7      1.46     yes
    1222.0         4.641e-03       4.5      1.05     yes
     179.5         4.702e-03       7.6      1.03     NO*
     672.0         4.703e-03      18.7      1.14     NO*
     290.8         4.757e-03       1.2      1.06     yes
    1944.2         4.777e-03       3.4      1.00     yes
     313.0         4.801e-03       2.4      1.05     yes
    2109.8         4.817e-03       6.4      1.10     NO*
    1188.8         4.939e-03       3.3      1.09     yes
    2286.0         4.945e-03       9.6      1.08     NO*
     784.0         5.007e-03       2.2      1.03     yes
     560.8         5.044e-03       3.1      1.06     yes
     633.8         5.051e-03       4.5      1.03     yes
    2131.0         5.098e-03       3.2      1.12     yes
    1331.2         5.110e-03       3.6      1.17     yes
    1743.8         5.122e-03       1.5      1.00     yes
    2489.2         5.154e-03       2.4      1.25     yes
     382.0         5.190e-03       2.4      1.11     yes
     491.2         5.215e-03       1.5      1.06     yes
    1919.2         5.215e-03       4.5      1.06     yes
    1569.5         5.290e-03       3.2      1.09     yes
    1031.0         5.313e-03      13.4      1.16     NO*
    1884.0         5.331e-03       6.8      1.16     NO*
    1681.5         5.344e-03       2.0      1.02     yes
     761.2         5.355e-03      16.8      1.12     NO*
     965.0         5.373e-03       9.7      1.24     NO*
    1115.8         5.384e-03       4.3      1.10     yes
    2467.0         5.399e-03      16.8      1.06     NO*
     655.2         5.432e-03       2.5      1.00     yes
      63.8         5.452e-03       5.8      1.14     yes
    1077.0         5.483e-03       3.8      1.00     yes
     194.8         5.508e-03       0.9      1.00     yes
    2421.0         5.553e-03       5.9      1.16     yes
    2358.2         5.578e-03       2.6      1.06     yes
    2383.2         5.589e-03      15.7      1.09     NO*
      27.2         5.591e-03       1.8      1.00     yes
    1755.2         5.613e-03       1.0      1.00     yes
    2028.8         5.617e-03      11.9      1.05     NO*
    1589.8         5.675e-03       1.9      1.27     yes
     270.0         5.675e-03       4.4      1.13     yes
    2174.0         5.690e-03       6.0      1.03     yes
    1772.0         5.714e-03       6.8      1.02     NO*
    1479.0         5.741e-03       2.1      1.19     yes
    1707.2         5.753e-03       1.0      1.00     yes
    1813.2         5.754e-03       2.9      1.12     yes
      88.8         5.763e-03       6.6      1.01     NO*
    1436.0         5.811e-03      16.7      1.08     NO*
    1838.0         5.812e-03       3.1      1.08     yes
    1294.8         5.828e-03       0.5      1.00     yes
    2192.8         5.861e-03      11.9      1.00     NO*
    1660.8         5.874e-03       5.7      1.26     yes
    1458.8         5.888e-03       6.1      1.08     NO*
     135.0         5.921e-03       6.1      1.01     NO*
    2156.2         5.970e-03       1.4      1.00     yes
    2240.8         5.989e-03       2.1      1.15     yes
     892.2         6.051e-03       1.5      1.00     yes
    1140.8         6.069e-03       1.8      1.00     yes
     336.0         6.075e-03      10.0      1.41     NO*
    1525.0         6.088e-03       8.1      1.50     NO*
    1726.0         6.094e-03       2.8      1.00     yes
    1306.2         6.217e-03       2.8      1.00     yes
    1992.2         6.228e-03       4.4      1.00     yes
     986.5         6.253e-03       4.1      1.05     yes
    1413.0         6.273e-03       3.3      1.05     yes
     857.2         6.300e-03       3.5      1.00     yes
     809.2         6.318e-03      24.0      1.02     NO*
     224.0         6.390e-03      21.1      1.03     NO*
     718.0         6.470e-03       4.3      1.07     yes
    2085.0         6.730e-03      19.6      1.27     NO*
     830.0         6.741e-03      13.7      1.61     NO*
     159.8         6.745e-03      17.0      1.14     NO*
     242.8         6.853e-03       7.0      1.00     NO*
     739.8         7.033e-03       5.2      1.00     yes
    2441.2         7.244e-03      41.5      1.31     NO*
     608.8         7.262e-03       4.2      1.26     yes
     919.0         7.263e-03      23.3      1.24     NO*
    2310.2         7.481e-03       4.7      1.24     yes
    2062.0         7.498e-03       4.7      1.52     yes
    2220.0         7.612e-03      14.7      1.59     NO*
    1614.0         7.706e-03       8.0      1.66     NO*
    1009.8         7.787e-03       6.3      1.46     NO*
    1637.0         7.915e-03      18.1      2.24     NO*
     360.2         8.248e-03      15.9      2.28     NO*
     940.2         1.151e-02      20.6      1.27     NO*
    1389.2         1.153e-02      27.3      3.66     NO*
    2332.0         1.196e-02      26.3      1.55     NO*
     691.8         1.780e-02      39.2      1.00     NO*
     471.0         5.817e-02      24.4     15.61     NO*
    1973.0         1.125e-01      29.9     31.73     NO*
     112.0         1.975e-01      32.3     63.02     NO*
     583.0         3.132e-01      45.9     85.66     NO*
    1166.0         5.758e-01      37.0    141.35     NO*
    1278.0         2.141e+00      57.2    161.80     NO*
    1861.2         2.736e+03      67.1  62242.51     NO*
  consensus floor = 5.468e-03 mV^2/Hz over 60 clean bands  ->  Var(n) = 0.0219 mV^2  (RMS 147.9 uV)
  carrier a = 843.355 mV  ->  SNR = 72.1 dB in the 4 Hz demod band

========================================================================
A2V-16_A2
========================================================================
 center Hz   density mV^2/Hz  worst dB  bw_ratio   clean
     965.0         7.430e-03       7.4      1.06     NO*
    1755.2         7.455e-03       0.6      1.00     yes
     809.2         7.759e-03      20.6      1.12     NO*
    2192.8         7.816e-03       5.1      1.00     yes
    2156.2         7.981e-03       2.6      1.00     yes
     290.8         8.199e-03       1.9      1.13     yes
    1589.8         8.278e-03       2.7      1.05     yes
    2028.8         8.280e-03      11.4      1.10     NO*
     527.0         8.362e-03       5.0      1.12     yes
    1707.2         8.438e-03       1.3      1.00     yes
    1222.0         8.481e-03       2.6      1.00     yes
     179.5         8.482e-03       5.8      1.06     yes
    1884.0         8.514e-03       4.0      1.01     yes
     242.8         8.571e-03       3.7      1.00     yes
    1919.2         8.624e-03       4.7      1.03     yes
    1258.2         8.650e-03       1.2      1.00     yes
     159.8         8.662e-03      14.2      1.13     NO*
     194.8         8.666e-03       1.6      1.00     yes
     874.5         8.680e-03       2.7      1.24     yes
    1094.2         8.729e-03       4.7      1.00     yes
    1772.0         8.729e-03       5.0      1.11     yes
    1057.8         8.797e-03      16.6      1.00     NO*
    1743.8         8.864e-03       1.3      1.00     yes
    1681.5         8.886e-03       4.8      1.03     yes
    1813.2         8.909e-03       2.7      1.08     yes
    2264.5         8.925e-03       5.2      1.10     yes
     313.0         8.931e-03       2.2      1.26     yes
    1726.0         8.958e-03       3.7      1.17     yes
     718.0         8.958e-03       3.9      1.07     yes
    1306.2         8.984e-03       0.7      1.00     yes
    1506.8         8.987e-03       1.7      1.00     yes
    1413.0         8.991e-03       2.4      1.15     yes
     270.0         9.018e-03       3.8      1.02     yes
    2286.0         9.234e-03       6.8      1.15     NO*
    2310.2         9.245e-03       3.8      1.00     yes
    1294.8         9.313e-03       0.3      1.00     yes
    1569.5         9.324e-03       1.0      1.01     yes
     206.2         9.328e-03       0.6      1.00     yes
    1955.8         9.364e-03       0.8      1.00     yes
     761.2         9.409e-03      15.0      1.06     NO*
    1188.8         9.412e-03       5.0      1.02     yes
     560.8         9.413e-03       3.1      1.10     yes
    1115.8         9.425e-03       7.6      1.14     NO*
      42.2         9.455e-03       3.7      1.00     yes
     986.5         9.492e-03       3.0      1.04     yes
    2240.8         9.500e-03       1.8      1.01     yes
    2131.0         9.504e-03       4.7      1.16     yes
     672.0         9.554e-03      17.6      1.01     NO*
    1791.8         9.646e-03       2.2      1.02     yes
     857.2         9.782e-03       1.3      1.00     yes
    1331.2         9.884e-03       2.9      1.12     yes
      63.8         9.991e-03       7.1      1.08     NO*
    2383.2         1.002e-02      13.9      1.02     NO*
     784.0         1.014e-02       2.1      1.09     yes
     892.2         1.018e-02       0.9      1.00     yes
    1458.8         1.022e-02       4.2      1.17     yes
    2467.0         1.031e-02      15.2      1.00     NO*
      88.8         1.034e-02       4.6      1.07     yes
    1944.2         1.034e-02       5.1      1.00     yes
     633.8         1.037e-02       2.6      1.04     yes
    2174.0         1.040e-02       4.5      1.16     yes
    2109.8         1.041e-02       4.8      1.01     yes
    1543.2         1.046e-02       2.3      1.00     yes
    1077.0         1.052e-02       2.8      1.09     yes
    1660.8         1.054e-02       4.3      1.06     yes
     491.2         1.058e-02       1.5      1.09     yes
     739.8         1.079e-02       1.7      1.15     yes
    1367.0         1.080e-02       5.1      1.02     yes
    2441.2         1.081e-02      37.2      1.21     NO*
    2421.0         1.086e-02       4.5      1.18     yes
    2358.2         1.088e-02       2.3      1.01     yes
    1436.0         1.089e-02      13.3      1.01     NO*
     382.0         1.092e-02       2.0      1.06     yes
     224.0         1.093e-02      19.5      1.43     NO*
    1031.0         1.098e-02      12.2      1.44     NO*
    2062.0         1.102e-02       3.9      1.07     yes
      27.2         1.106e-02       1.7      1.00     yes
    2085.0         1.110e-02      19.2      1.21     NO*
    2220.0         1.132e-02      12.3      1.12     NO*
     135.0         1.136e-02       6.2      1.05     NO*
    2489.2         1.137e-02       1.9      1.10     yes
    1838.0         1.144e-02       3.7      1.35     yes
     655.2         1.145e-02       1.3      1.00     yes
     336.0         1.147e-02       6.7      1.23     NO*
    1479.0         1.151e-02       1.8      1.05     yes
    1140.8         1.172e-02       1.5      1.12     yes
     360.2         1.187e-02      11.2      1.34     NO*
     919.0         1.198e-02      21.9      1.12     NO*
     830.0         1.198e-02      11.5      1.31     NO*
    1992.2         1.211e-02       5.1      1.00     yes
    1009.8         1.235e-02       3.8      1.13     yes
     608.8         1.286e-02       2.2      1.16     yes
    1614.0         1.312e-02       8.2      1.71     NO*
    1525.0         1.349e-02       8.8      1.38     NO*
    1637.0         1.393e-02      16.0      1.60     NO*
     940.2         1.641e-02      20.5      1.25     NO*
    2332.0         1.709e-02      24.4      2.62     NO*
     691.8         2.097e-02      34.2      1.01     NO*
    1389.2         2.250e-02      25.3      3.76     NO*
     112.0         1.506e-01      28.9     26.41     NO*
     471.0         1.535e-01      26.5     29.81     NO*
    1973.0         4.706e-01      34.0     95.57     NO*
    1166.0         8.363e-01      36.4    128.50     NO*
     583.0         1.126e+00      48.2    122.21     NO*
    1278.0         2.971e+00      56.5    158.80     NO*
    1861.2         2.396e+03      65.7  55838.69     NO*
  consensus floor = 9.413e-03 mV^2/Hz over 69 clean bands  ->  Var(n) = 0.0377 mV^2  (RMS 194.0 uV)
  carrier a = 969.729 mV  ->  SNR = 71.0 dB in the 4 Hz demod band

========================================================================
A2V-16_A3
========================================================================
 center Hz   density mV^2/Hz  worst dB  bw_ratio   clean
     159.8         5.713e-03      13.6      1.00     NO*
    1755.2         6.175e-03       1.2      1.00     yes
    1094.2         6.178e-03      10.5      1.00     NO*
    1057.8         6.261e-03      16.8      1.00     NO*
    1589.8         6.387e-03       2.6      1.08     yes
    1743.8         6.471e-03       1.6      1.00     yes
     194.8         6.473e-03       0.9      1.00     yes
    1884.0         6.577e-03       1.5      1.03     yes
    1306.2         6.580e-03       2.7      1.00     yes
    2192.8         6.586e-03       6.6      1.00     NO*
    1436.0         6.629e-03      12.8      1.12     NO*
    1772.0         6.685e-03       6.2      1.16     NO*
    1791.8         6.708e-03       1.5      1.11     yes
    1955.8         6.734e-03       1.2      1.00     yes
    1919.2         6.803e-03       5.0      1.03     yes
    2028.8         6.811e-03      11.1      1.26     NO*
     874.5         6.850e-03       5.4      1.01     yes
    1569.5         6.863e-03       2.5      1.00     yes
    1258.2         6.929e-03       1.2      1.14     yes
    1707.2         6.943e-03       2.5      1.00     yes
    2109.8         6.949e-03       6.8      1.16     NO*
    1944.2         6.969e-03       2.1      1.00     yes
    1506.8         6.976e-03       1.2      1.00     yes
      88.8         7.018e-03       4.3      1.36     yes
    1115.8         7.031e-03       9.4      1.20     NO*
    1222.0         7.097e-03       3.5      1.04     yes
    2156.2         7.133e-03       0.9      1.00     yes
     313.0         7.160e-03       2.6      1.11     yes
     892.2         7.191e-03       3.7      1.00     yes
    1331.2         7.204e-03       4.1      1.10     yes
     242.8         7.209e-03       3.6      1.00     yes
     784.0         7.234e-03       2.7      1.05     yes
     270.0         7.276e-03       3.0      1.13     yes
    1188.8         7.355e-03      10.2      1.11     NO*
     290.8         7.358e-03       1.6      1.15     yes
    1479.0         7.504e-03       2.0      1.17     yes
    2240.8         7.591e-03       1.8      1.07     yes
    1458.8         7.602e-03       2.8      1.03     yes
     135.0         7.602e-03       7.2      1.03     NO*
     382.0         7.620e-03       1.7      1.02     yes
     718.0         7.665e-03       4.9      1.09     yes
    2174.0         7.681e-03       4.9      1.18     yes
    1813.2         7.699e-03       2.0      1.27     yes
    1367.0         7.730e-03       4.4      1.04     yes
     206.2         7.735e-03       0.8      1.00     yes
     965.0         7.767e-03       8.9      1.05     NO*
      63.8         7.809e-03       6.0      1.10     NO*
     633.8         7.849e-03       3.2      1.12     yes
     179.5         7.864e-03       4.0      1.06     yes
     830.0         7.903e-03      14.1      1.03     NO*
     560.8         7.923e-03       1.4      1.12     yes
    1413.0         7.971e-03       2.0      1.01     yes
    1140.8         7.972e-03       1.7      1.00     yes
     655.2         7.981e-03       3.7      1.00     yes
     491.2         7.985e-03       3.5      1.01     yes
    2286.0         8.008e-03       8.9      1.06     NO*
    1681.5         8.070e-03       3.6      1.27     yes
    1660.8         8.118e-03       4.2      1.27     yes
    1543.2         8.161e-03       2.2      1.00     yes
     761.2         8.164e-03      16.6      1.06     NO*
     986.5         8.167e-03       2.2      1.01     yes
      42.2         8.208e-03       3.2      1.00     yes
    2489.2         8.218e-03       3.4      1.04     yes
     527.0         8.268e-03       8.3      1.13     NO*
    2220.0         8.324e-03      11.8      1.33     NO*
    2467.0         8.331e-03      16.6      1.07     NO*
    1992.2         8.337e-03       4.1      1.00     yes
    1294.8         8.368e-03       1.5      1.00     yes
     672.0         8.441e-03      18.5      1.01     NO*
    2085.0         8.444e-03      15.4      1.08     NO*
    2131.0         8.509e-03       3.6      1.15     yes
    1077.0         8.597e-03       3.0      1.22     yes
    1838.0         8.684e-03       4.2      1.22     yes
    1525.0         8.719e-03       8.6      1.06     NO*
    2383.2         8.737e-03      16.1      1.09     NO*
    1726.0         8.762e-03       5.8      1.24     yes
    2264.5         8.864e-03       5.9      1.14     yes
    1637.0         8.914e-03      18.0      1.35     NO*
    2310.2         8.930e-03       5.9      1.00     yes
    2358.2         8.941e-03       2.1      1.03     yes
    2062.0         8.943e-03       2.7      1.15     yes
    1614.0         9.002e-03       8.4      1.16     NO*
    2421.0         9.962e-03       4.6      1.20     yes
     224.0         9.972e-03      16.4      1.09     NO*
     336.0         1.003e-02       7.5      1.12     NO*
     809.2         1.018e-02      20.5      1.35     NO*
      27.2         1.039e-02       2.1      1.00     yes
     360.2         1.048e-02      14.8      1.30     NO*
     857.2         1.048e-02       6.8      1.00     NO*
     739.8         1.054e-02       6.9      1.14     NO*
    1009.8         1.086e-02       5.7      1.18     yes
    2441.2         1.110e-02      44.0      1.28     NO*
     919.0         1.128e-02      23.0      1.07     NO*
    1031.0         1.178e-02      13.5      1.48     NO*
     608.8         1.555e-02       9.0      2.00     NO*
     940.2         1.674e-02      20.8      1.43     NO*
    2332.0         1.861e-02      24.9      2.06     NO*
    1389.2         2.444e-02      29.3      5.20     NO*
     691.8         2.726e-02      37.8      1.04     NO*
    1973.0         8.200e-02      27.2     16.86     NO*
     112.0         1.226e-01      28.8     24.22     NO*
     471.0         1.639e-01      27.3     32.44     NO*
    1166.0         2.827e-01      32.0     51.34     NO*
     583.0         1.851e+00      51.5    182.01     NO*
    1278.0         2.352e+00      56.5    141.43     NO*
    1861.2         1.401e+03      64.5  51785.24     NO*
  consensus floor = 7.673e-03 mV^2/Hz over 60 clean bands  ->  Var(n) = 0.0307 mV^2  (RMS 175.2 uV)
  carrier a = 1065.184 mV  ->  SNR = 72.7 dB in the 4 Hz demod band

========================================================================
A2V-16_A4
========================================================================
 center Hz   density mV^2/Hz  worst dB  bw_ratio   clean
    1955.8         1.464e-03       1.9      1.00     yes
    1755.2         1.626e-03       1.4      1.00     yes
    1094.2         1.632e-03      12.7      1.00     NO*
     179.5         1.766e-03       9.3      1.05     NO*
    1222.0         1.793e-03       7.4      1.13     NO*
    1743.8         1.804e-03       2.6      1.00     yes
    1258.2         1.842e-03       3.2      1.06     yes
    1294.8         1.847e-03       0.8      1.00     yes
     290.8         1.850e-03       2.3      1.13     yes
    2264.5         1.859e-03      10.5      1.03     NO*
      42.2         1.863e-03       7.9      1.00     NO*
    2156.2         1.891e-03       5.6      1.00     yes
    1458.8         1.896e-03       8.9      1.12     NO*
    1367.0         1.906e-03      10.4      1.11     NO*
    1543.2         1.914e-03       5.0      1.00     yes
    1681.5         1.919e-03       9.2      1.05     NO*
     270.0         1.921e-03       5.9      1.19     yes
    1813.2         1.928e-03       6.3      1.63     NO*
    2240.8         1.971e-03       4.2      1.24     yes
    2192.8         1.990e-03      16.5      1.00     NO*
    2028.8         1.991e-03      17.7      1.13     NO*
    1331.2         1.999e-03       7.5      1.25     NO*
     527.0         2.004e-03      10.4      1.15     NO*
     874.5         2.016e-03       9.0      1.16     NO*
    1115.8         2.049e-03      14.1      1.64     NO*
      88.8         2.051e-03      10.8      1.07     NO*
    1884.0         2.073e-03       8.4      1.03     NO*
    1707.2         2.078e-03       3.0      1.00     yes
    1306.2         2.079e-03       3.2      1.00     yes
    1589.8         2.082e-03       6.7      1.15     NO*
    1569.5         2.107e-03       5.1      1.00     yes
    2109.8         2.121e-03      12.8      1.11     NO*
      27.2         2.138e-03       7.6      1.00     NO*
    1838.0         2.148e-03       8.0      1.16     NO*
     313.0         2.158e-03       4.1      1.09     yes
    1791.8         2.207e-03       5.1      1.03     yes
    1140.8         2.211e-03       3.7      1.05     yes
    1057.8         2.228e-03      26.6      1.00     NO*
    1188.8         2.258e-03      12.2      1.05     NO*
    2286.0         2.261e-03      14.0      1.29     NO*
      63.8         2.292e-03      11.3      1.19     NO*
     633.8         2.299e-03       6.4      1.06     NO*
    1726.0         2.332e-03       7.9      1.00     NO*
     491.2         2.343e-03       3.4      1.06     yes
     857.2         2.344e-03       5.9      1.00     yes
    2131.0         2.353e-03       6.1      1.06     NO*
    2174.0         2.367e-03      10.0      1.14     NO*
     206.2         2.372e-03       1.7      1.00     yes
     986.5         2.383e-03       7.0      1.02     NO*
     965.0         2.395e-03      13.2      1.00     NO*
     135.0         2.411e-03      12.2      1.00     NO*
    1919.2         2.421e-03      10.4      1.11     NO*
    1436.0         2.450e-03      18.9      1.04     NO*
    1772.0         2.454e-03       9.5      1.03     NO*
     194.8         2.481e-03       0.8      1.00     yes
    1413.0         2.482e-03       7.1      1.00     NO*
    1660.8         2.496e-03       8.6      1.07     NO*
    2358.2         2.523e-03       5.6      1.08     yes
     655.2         2.540e-03       4.6      1.00     yes
     159.8         2.556e-03      20.8      1.33     NO*
    1506.8         2.569e-03       2.9      1.00     yes
    2467.0         2.603e-03      21.1      1.03     NO*
     382.0         2.613e-03       3.3      1.00     yes
    1077.0         2.691e-03       6.0      1.29     yes
    2310.2         2.695e-03       8.7      1.05     NO*
     560.8         2.700e-03       5.1      1.65     yes
     761.2         2.730e-03      20.6      1.07     NO*
    1944.2         2.786e-03       6.9      1.00     NO*
    2383.2         2.790e-03      20.0      1.14     NO*
     784.0         2.848e-03       5.8      1.04     yes
    1614.0         2.896e-03       8.4      1.71     NO*
    2489.2         2.932e-03       6.5      1.26     NO*
    2085.0         3.046e-03      21.9      1.73     NO*
     242.8         3.057e-03       7.2      1.00     NO*
     718.0         3.067e-03       8.1      1.03     NO*
    1479.0         3.100e-03       5.9      1.16     yes
     672.0         3.123e-03      23.1      1.41     NO*
    2421.0         3.187e-03       8.9      1.30     NO*
    1992.2         3.320e-03       6.3      1.00     NO*
    2220.0         3.604e-03      15.3      1.56     NO*
    2062.0         3.688e-03       6.8      1.49     NO*
     892.2         3.756e-03       4.9      1.00     yes
     809.2         3.771e-03      29.8      2.08     NO*
     739.8         3.819e-03       6.8      1.03     NO*
     224.0         3.935e-03      20.0      1.36     NO*
     830.0         3.993e-03      19.3      2.23     NO*
    1009.8         4.060e-03       8.0      1.99     NO*
    2441.2         4.280e-03      43.4      1.43     NO*
    1637.0         4.354e-03      22.4      2.57     NO*
    1525.0         4.495e-03      11.9      2.32     NO*
     360.2         4.556e-03      20.1      2.15     NO*
     919.0         4.712e-03      26.3      1.00     NO*
     608.8         4.768e-03      10.7      2.73     NO*
     336.0         5.027e-03      15.5      3.06     NO*
    1031.0         5.233e-03      19.2      4.38     NO*
    1389.2         8.288e-03      29.2      7.38     NO*
     691.8         8.341e-03      34.6      1.00     NO*
     940.2         9.690e-03      22.6      1.56     NO*
    2332.0         1.205e-02      29.9      4.80     NO*
     471.0         7.240e-02      28.9     48.39     NO*
     112.0         2.988e-01      37.3    170.74     NO*
    1973.0         5.142e-01      38.7    247.34     NO*
    1166.0         5.551e-01      39.7    212.95     NO*
     583.0         1.462e+00      52.6    256.49     NO*
    1278.0         2.974e+00      60.7    197.11     NO*
    1861.2         2.191e+03      70.4  64639.58     NO*
  consensus floor = 2.207e-03 mV^2/Hz over 29 clean bands  ->  Var(n) = 0.0088 mV^2  (RMS 93.9 uV)
  carrier a = 998.223 mV  ->  SNR = 77.5 dB in the 4 Hz demod band
