FULL PER-BAND NOISE-FLOOR TABLE
Fs = 5000.00 Hz  carrier = 930.500 Hz  Nyquist = 2500.0 Hz
record = 500000 samples (100.0 s)  Welch NFFT = 8192  bin = 0.610 Hz
candidate carrier-free bands = 106  (guard ±3.0 Hz from every comb line)
'clean' = no bin > band-median + 6.0 dB;  bw_ratio = density spread across halfwidths [2, 5, 10, 20]

========================================================================
A2V-16_A1
========================================================================
 center Hz   density mV^2/Hz  worst dB  bw_ratio   clean
    1955.8         4.387e-03       0.3      1.00     yes
    1294.8         4.416e-03       1.4      1.00     yes
    1681.5         4.482e-03       2.5      1.09     yes
     290.8         4.493e-03       0.8      1.03     yes
    1057.8         4.517e-03      19.4      1.00     NO*
    1755.2         4.529e-03       0.8      1.00     yes
    1367.0         4.598e-03       7.1      1.02     NO*
    1543.2         4.629e-03       2.5      1.00     yes
      88.8         4.685e-03       7.1      1.09     NO*
     313.0         4.700e-03       2.6      1.05     yes
    1258.2         4.781e-03       4.2      1.03     yes
     965.0         4.784e-03       8.2      1.05     NO*
    1919.2         4.794e-03       4.3      1.04     yes
     491.2         4.796e-03       2.0      1.02     yes
     527.0         4.796e-03       5.6      1.11     yes
    2383.2         4.809e-03      16.0      1.04     NO*
    2286.0         4.823e-03       9.3      1.15     NO*
    1115.8         4.840e-03       4.3      1.09     yes
     874.5         4.864e-03       4.9      1.05     yes
    1791.8         4.880e-03       4.6      1.02     yes
    2156.2         4.912e-03       2.9      1.00     yes
    1094.2         4.933e-03       3.8      1.00     yes
    1306.2         4.935e-03       2.3      1.00     yes
    2240.8         4.939e-03       0.9      1.02     yes
    1589.8         4.966e-03       2.7      1.00     yes
    1188.8         4.983e-03       4.5      1.01     yes
     382.0         4.984e-03       1.6      1.02     yes
    2192.8         5.022e-03      12.8      1.00     NO*
     655.2         5.044e-03       1.5      1.00     yes
    1743.8         5.052e-03       0.3      1.00     yes
    1707.2         5.063e-03       1.9      1.00     yes
    2264.5         5.064e-03       5.5      1.01     yes
      42.2         5.079e-03       7.0      1.00     NO*
     633.8         5.083e-03       3.7      1.01     yes
     179.5         5.091e-03       7.0      1.00     NO*
    2174.0         5.096e-03       6.4      1.00     NO*
    1222.0         5.097e-03       5.0      1.21     yes
     270.0         5.133e-03       5.1      1.04     yes
    1331.2         5.135e-03       4.5      1.14     yes
    1813.2         5.141e-03       3.4      1.04     yes
    1569.5         5.151e-03       2.6      1.03     yes
    1413.0         5.157e-03       5.2      1.00     yes
     809.2         5.162e-03      24.3      1.04     NO*
    1660.8         5.172e-03       6.3      1.08     NO*
    2310.2         5.199e-03       5.2      1.01     yes
     761.2         5.204e-03      16.4      1.05     NO*
    1077.0         5.208e-03       3.3      1.00     yes
    1479.0         5.248e-03       3.5      1.00     yes
     206.2         5.259e-03       1.1      1.00     yes
      63.8         5.261e-03       6.1      1.04     NO*
    1726.0         5.271e-03       3.9      1.00     yes
    1944.2         5.272e-03       4.1      1.00     yes
    2358.2         5.275e-03       2.3      1.04     yes
     784.0         5.289e-03       3.5      1.10     yes
     194.8         5.361e-03       0.6      1.00     yes
     135.0         5.361e-03       7.6      1.00     NO*
     672.0         5.364e-03      18.2      1.08     NO*
    1838.0         5.365e-03       3.8      1.02     yes
    2109.8         5.366e-03       5.3      1.12     yes
    2421.0         5.372e-03       4.9      1.04     yes
    1884.0         5.378e-03       6.5      1.09     NO*
    2489.2         5.385e-03       2.9      1.16     yes
     159.8         5.395e-03      17.2      1.12     NO*
    2131.0         5.416e-03       2.6      1.01     yes
    1458.8         5.473e-03       6.7      1.02     NO*
      27.2         5.490e-03       1.8      1.00     yes
    1436.0         5.518e-03      16.7      1.00     NO*
     739.8         5.519e-03       5.2      1.00     yes
     857.2         5.540e-03       4.2      1.00     yes
    2028.8         5.575e-03      12.4      1.09     NO*
    1772.0         5.577e-03       5.7      1.05     yes
    1506.8         5.613e-03       0.7      1.00     yes
     560.8         5.748e-03       3.0      1.12     yes
    1140.8         5.771e-03       2.0      1.13     yes
    2085.0         5.842e-03      20.8      1.08     NO*
     892.2         5.857e-03       0.8      1.00     yes
     986.5         6.066e-03       4.9      1.00     yes
     336.0         6.097e-03      10.2      1.42     NO*
    2467.0         6.132e-03      16.3      1.04     NO*
     242.8         6.158e-03       5.5      1.00     yes
    1525.0         6.240e-03       6.6      1.44     NO*
     718.0         6.397e-03       4.3      1.04     yes
     224.0         6.423e-03      20.9      1.22     NO*
     830.0         6.502e-03      13.4      1.32     NO*
     608.8         6.532e-03       3.3      1.19     yes
    1031.0         6.566e-03      13.6      1.49     NO*
    2062.0         6.594e-03       4.5      1.13     yes
    1992.2         7.131e-03       6.6      1.00     NO*
    2220.0         7.226e-03      14.5      1.75     NO*
     360.2         7.247e-03      16.3      1.29     NO*
    1614.0         7.498e-03       9.6      2.00     NO*
     919.0         7.517e-03      22.7      1.00     NO*
    2441.2         8.027e-03      41.4      1.43     NO*
    1637.0         8.147e-03      16.9      2.14     NO*
    1009.8         9.544e-03       6.9      1.23     NO*
    1389.2         1.002e-02      26.1      2.77     NO*
     940.2         1.079e-02      21.0      1.28     NO*
    2332.0         1.225e-02      26.8      2.58     NO*
     691.8         1.717e-02      39.0      1.00     NO*
     471.0         6.378e-02      25.2     22.18     NO*
    1973.0         1.157e-01      29.7     35.25     NO*
     112.0         2.112e-01      32.7     65.87     NO*
     583.0         2.955e-01      45.3     85.24     NO*
    1166.0         5.214e-01      36.8    151.92     NO*
    1278.0         2.085e+00      57.2    194.54     NO*
    1861.2         2.724e+03      68.0  64585.79     NO*
  consensus floor = 5.141e-03 mV^2/Hz over 59 clean bands  ->  Var(n) = 0.0206 mV^2  (RMS 143.4 uV)
  carrier a = 830.662 mV  ->  SNR = 72.2 dB in the 4 Hz demod band

========================================================================
A2V-16_A2
========================================================================
 center Hz   density mV^2/Hz  worst dB  bw_ratio   clean
    1955.8         7.570e-03       0.6      1.00     yes
    1094.2         8.121e-03       4.7      1.00     yes
    1755.2         8.199e-03       0.1      1.00     yes
    1791.8         8.252e-03       3.0      1.05     yes
    1222.0         8.254e-03       3.8      1.01     yes
    1681.5         8.286e-03       4.4      1.10     yes
    2264.5         8.322e-03       4.7      1.02     yes
     491.2         8.325e-03       1.3      1.01     yes
      88.8         8.363e-03       5.0      1.02     yes
    1543.2         8.365e-03       1.9      1.00     yes
     194.8         8.399e-03       0.8      1.00     yes
    2240.8         8.435e-03       0.8      1.04     yes
    1458.8         8.487e-03       4.8      1.03     yes
    1057.8         8.504e-03      17.7      1.00     NO*
     313.0         8.506e-03       0.8      1.02     yes
    1115.8         8.533e-03       7.1      1.32     NO*
    1919.2         8.549e-03       2.7      1.09     yes
    1743.8         8.570e-03       0.5      1.00     yes
    2109.8         8.575e-03       4.8      1.01     yes
    2286.0         8.582e-03       7.9      1.12     NO*
    1413.0         8.594e-03       3.1      1.00     yes
      27.2         8.601e-03       3.8      1.00     yes
    2156.2         8.611e-03       1.7      1.00     yes
    1258.2         8.615e-03       0.6      1.04     yes
     527.0         8.655e-03       5.7      1.18     yes
    1506.8         8.661e-03       0.6      1.00     yes
    1294.8         8.674e-03       0.3      1.00     yes
    1140.8         8.737e-03       1.1      1.01     yes
    1813.2         8.756e-03       2.2      1.06     yes
     560.8         8.759e-03       1.8      1.00     yes
    1306.2         8.816e-03       0.9      1.00     yes
    2174.0         8.832e-03       5.4      1.02     yes
    1367.0         8.837e-03       5.8      1.02     yes
    1772.0         8.845e-03       4.8      1.02     yes
    1569.5         8.860e-03       1.5      1.04     yes
      63.8         8.894e-03       5.3      1.04     yes
    1707.2         8.905e-03       1.4      1.00     yes
     857.2         8.921e-03       1.6      1.00     yes
     290.8         8.927e-03       0.7      1.03     yes
    2192.8         8.945e-03       6.1      1.00     NO*
     655.2         8.948e-03       1.2      1.00     yes
     739.8         8.964e-03       1.9      1.04     yes
    1436.0         9.032e-03      13.9      1.00     NO*
    2358.2         9.073e-03       1.8      1.06     yes
     382.0         9.090e-03       1.2      1.03     yes
     633.8         9.108e-03       3.0      1.04     yes
    1589.8         9.138e-03       1.4      1.04     yes
     179.5         9.157e-03       5.4      1.03     yes
    1660.8         9.191e-03       4.6      1.16     yes
     270.0         9.292e-03       3.1      1.05     yes
     874.5         9.322e-03       3.4      1.03     yes
    2467.0         9.340e-03      15.4      1.03     NO*
     135.0         9.341e-03       5.9      1.08     yes
    1838.0         9.382e-03       1.6      1.05     yes
    2489.2         9.386e-03       2.0      1.09     yes
    2085.0         9.402e-03      19.7      1.07     NO*
     965.0         9.465e-03       7.1      1.15     NO*
    2028.8         9.476e-03      11.4      1.00     NO*
    1944.2         9.479e-03       2.9      1.00     yes
    1188.8         9.480e-03       5.5      1.02     yes
     672.0         9.507e-03      17.1      1.07     NO*
    1884.0         9.525e-03       3.5      1.00     yes
     892.2         9.537e-03       1.3      1.00     yes
     761.2         9.542e-03      15.2      1.04     NO*
    2310.2         9.550e-03       4.0      1.13     yes
     784.0         9.592e-03       2.7      1.02     yes
     986.5         9.607e-03       3.4      1.08     yes
    1479.0         9.630e-03       2.2      1.01     yes
    1077.0         9.648e-03       2.5      1.00     yes
    2383.2         9.658e-03      14.3      1.17     NO*
      42.2         9.663e-03       3.5      1.00     yes
    2131.0         9.679e-03       2.7      1.02     yes
    1331.2         9.755e-03       3.4      1.07     yes
    1726.0         9.838e-03       2.8      1.07     yes
     159.8         9.958e-03      14.1      1.15     NO*
     809.2         1.016e-02      18.6      1.07     NO*
     206.2         1.018e-02       0.2      1.00     yes
    2421.0         1.020e-02       4.1      1.11     yes
     608.8         1.023e-02       4.0      1.15     yes
     718.0         1.026e-02       4.5      1.00     yes
     360.2         1.030e-02      12.2      1.26     NO*
     242.8         1.032e-02       4.3      1.00     yes
     336.0         1.041e-02       8.5      1.31     NO*
    2062.0         1.052e-02       3.2      1.10     yes
     224.0         1.055e-02      19.0      1.18     NO*
    1031.0         1.078e-02      12.3      1.40     NO*
    2441.2         1.095e-02      36.5      1.11     NO*
    2220.0         1.105e-02      13.5      1.54     NO*
    1614.0         1.110e-02       7.5      1.62     NO*
    1637.0         1.122e-02      15.1      1.16     NO*
     830.0         1.191e-02      12.4      1.24     NO*
    1992.2         1.250e-02       3.9      1.00     yes
    1525.0         1.300e-02       9.2      1.62     NO*
    1009.8         1.371e-02       4.2      1.25     yes
     919.0         1.418e-02      21.2      1.04     NO*
     940.2         1.613e-02      20.5      1.29     NO*
    2332.0         1.784e-02      23.8      2.36     NO*
    1389.2         1.829e-02      26.7      3.21     NO*
     691.8         2.072e-02      34.9      1.00     NO*
     112.0         1.326e-01      28.5     27.62     NO*
     471.0         1.500e-01      26.7     29.49     NO*
    1973.0         4.479e-01      33.5     81.59     NO*
    1166.0         9.005e-01      36.7    156.08     NO*
     583.0         9.859e-01      48.4    141.53     NO*
    1278.0         2.851e+00      57.1    157.09     NO*
    1861.2         2.403e+03      66.0  59770.84     NO*
  consensus floor = 8.924e-03 mV^2/Hz over 70 clean bands  ->  Var(n) = 0.0357 mV^2  (RMS 188.9 uV)
  carrier a = 956.634 mV  ->  SNR = 71.1 dB in the 4 Hz demod band

========================================================================
A2V-16_A3
========================================================================
 center Hz   density mV^2/Hz  worst dB  bw_ratio   clean
    1755.2         6.339e-03       0.5      1.00     yes
    1955.8         6.481e-03       0.8      1.00     yes
    1743.8         6.541e-03       0.8      1.00     yes
    1057.8         6.555e-03      16.8      1.00     NO*
    1569.5         6.566e-03       2.8      1.00     yes
    1458.8         6.575e-03       4.0      1.01     yes
    1838.0         6.606e-03       2.5      1.08     yes
    1306.2         6.624e-03       2.9      1.00     yes
    1791.8         6.649e-03       1.2      1.03     yes
    1413.0         6.658e-03       3.1      1.02     yes
      42.2         6.668e-03       4.2      1.00     yes
     965.0         6.682e-03       9.0      1.01     NO*
    2156.2         6.718e-03       1.1      1.00     yes
      27.2         6.726e-03       2.8      1.00     yes
     290.8         6.746e-03       1.0      1.02     yes
    1222.0         6.827e-03       4.4      1.04     yes
    1681.5         6.905e-03       2.6      1.02     yes
    2264.5         6.930e-03       5.4      1.00     yes
    1258.2         6.932e-03       1.2      1.04     yes
    1813.2         6.943e-03       3.1      1.02     yes
      88.8         6.961e-03       4.1      1.01     yes
    2174.0         6.982e-03       6.4      1.03     NO*
     527.0         6.990e-03       7.8      1.17     NO*
    1331.2         7.003e-03       4.6      1.01     yes
    1919.2         7.019e-03       4.1      1.07     yes
     270.0         7.021e-03       2.6      1.01     yes
     179.5         7.031e-03       3.1      1.04     yes
    1726.0         7.037e-03       3.6      1.08     yes
    1660.8         7.041e-03       4.3      1.07     yes
    2028.8         7.078e-03      11.5      1.08     NO*
    1543.2         7.135e-03       1.0      1.00     yes
    1436.0         7.150e-03      12.0      1.10     NO*
      63.8         7.178e-03       6.1      1.07     NO*
    2240.8         7.199e-03       1.0      1.06     yes
     491.2         7.212e-03       2.1      1.01     yes
     633.8         7.236e-03       3.0      1.04     yes
     672.0         7.255e-03      18.8      1.08     NO*
     242.8         7.263e-03       2.9      1.00     yes
    1367.0         7.269e-03       3.7      1.02     yes
    1094.2         7.269e-03       9.5      1.00     NO*
    1294.8         7.290e-03       0.4      1.00     yes
     159.8         7.340e-03      13.1      1.07     NO*
    1115.8         7.345e-03       9.6      1.40     NO*
    1506.8         7.367e-03       0.7      1.00     yes
     313.0         7.384e-03       2.3      1.06     yes
    1772.0         7.384e-03       6.0      1.00     NO*
     135.0         7.389e-03       7.7      1.02     NO*
    1884.0         7.425e-03       1.0      1.05     yes
    2109.8         7.433e-03       7.1      1.07     NO*
    1188.8         7.434e-03      10.4      1.00     NO*
    1140.8         7.488e-03       1.4      1.16     yes
    2489.2         7.511e-03       3.7      1.03     yes
     206.2         7.514e-03       0.4      1.00     yes
    2383.2         7.529e-03      16.2      1.06     NO*
     874.5         7.556e-03       4.5      1.03     yes
     382.0         7.571e-03       1.6      1.05     yes
    1589.8         7.587e-03       1.3      1.05     yes
     739.8         7.637e-03       7.3      1.00     NO*
     194.8         7.638e-03       0.8      1.00     yes
    2131.0         7.664e-03       3.5      1.04     yes
     560.8         7.664e-03       2.2      1.15     yes
    2085.0         7.682e-03      16.4      1.06     NO*
    2192.8         7.685e-03       7.4      1.00     NO*
    1479.0         7.687e-03       2.1      1.04     yes
     892.2         7.796e-03       2.7      1.00     yes
    1707.2         7.822e-03       1.1      1.00     yes
     761.2         7.823e-03      16.4      1.08     NO*
    1637.0         7.938e-03      18.1      1.25     NO*
     224.0         7.942e-03      17.6      1.08     NO*
    2310.2         7.954e-03       6.5      1.02     NO*
    2286.0         7.994e-03       8.3      1.06     NO*
     857.2         8.032e-03       5.9      1.00     yes
    2358.2         8.050e-03       1.2      1.06     yes
    1077.0         8.051e-03       3.0      1.04     yes
     655.2         8.151e-03       1.9      1.00     yes
    2220.0         8.193e-03      11.2      1.09     NO*
     784.0         8.227e-03       3.5      1.13     yes
    2421.0         8.430e-03       5.0      1.15     yes
    1031.0         8.467e-03      13.9      1.29     NO*
    1944.2         8.506e-03       3.6      1.00     yes
     986.5         8.572e-03       3.4      1.00     yes
    1992.2         8.612e-03       4.5      1.00     yes
    2467.0         8.674e-03      16.6      1.08     NO*
     830.0         8.786e-03      14.4      1.16     NO*
    2062.0         8.887e-03       3.0      1.22     yes
     718.0         9.012e-03       5.3      1.06     yes
     919.0         9.194e-03      23.9      1.00     NO*
    1614.0         9.249e-03       8.3      1.50     NO*
     360.2         9.253e-03      14.7      1.29     NO*
     336.0         9.269e-03       9.6      1.59     NO*
    1525.0         9.608e-03       9.4      1.53     NO*
     809.2         9.993e-03      20.0      1.28     NO*
    2441.2         1.003e-02      44.9      1.09     NO*
     608.8         1.151e-02       9.6      2.02     NO*
    1009.8         1.156e-02       4.6      1.00     yes
     940.2         1.632e-02      21.3      1.25     NO*
    2332.0         1.742e-02      24.6      3.11     NO*
     691.8         2.489e-02      37.1      1.00     NO*
    1389.2         2.535e-02      29.8      5.57     NO*
    1973.0         8.609e-02      27.1     20.79     NO*
     112.0         1.317e-01      29.4     35.60     NO*
     471.0         1.545e-01      27.7     38.38     NO*
    1166.0         2.563e-01      32.1     48.82     NO*
     583.0         1.798e+00      50.9    200.40     NO*
    1278.0         2.403e+00      56.8    175.79     NO*
    1861.2         1.411e+03      65.0  57801.77     NO*
  consensus floor = 7.263e-03 mV^2/Hz over 59 clean bands  ->  Var(n) = 0.0291 mV^2  (RMS 170.5 uV)
  carrier a = 1052.554 mV  ->  SNR = 72.8 dB in the 4 Hz demod band

========================================================================
A2V-16_A4
========================================================================
 center Hz   density mV^2/Hz  worst dB  bw_ratio   clean
    1955.8         1.597e-03       1.0      1.00     yes
    1755.2         1.621e-03       1.1      1.00     yes
    1258.2         1.685e-03       2.6      1.13     yes
    1543.2         1.688e-03       5.2      1.00     yes
    1681.5         1.721e-03      10.3      1.00     NO*
    1331.2         1.746e-03       8.6      1.03     NO*
    1367.0         1.766e-03      10.4      1.02     NO*
    1569.5         1.785e-03       6.5      1.10     NO*
    1813.2         1.809e-03       6.9      1.05     NO*
    1726.0         1.842e-03       8.3      1.00     NO*
    2264.5         1.843e-03       9.9      1.05     NO*
    1743.8         1.854e-03       1.9      1.00     yes
    1094.2         1.867e-03      11.9      1.00     NO*
    2240.8         1.883e-03       3.4      1.02     yes
    1115.8         1.883e-03      13.9      1.93     NO*
    1188.8         1.907e-03      12.6      1.01     NO*
      42.2         1.914e-03       9.2      1.00     NO*
     290.8         1.921e-03       2.0      1.06     yes
     633.8         1.942e-03       7.4      1.06     NO*
     491.2         1.943e-03       3.3      1.01     yes
    2310.2         1.944e-03       9.1      1.03     NO*
    2109.8         1.958e-03      13.7      1.01     NO*
     179.5         1.958e-03       9.0      1.02     NO*
     527.0         1.962e-03      10.7      1.08     NO*
    1294.8         1.965e-03       0.7      1.00     yes
    2174.0         1.975e-03      11.0      1.16     NO*
     965.0         1.982e-03      13.3      1.05     NO*
    2028.8         1.983e-03      18.0      1.15     NO*
     206.2         2.024e-03       1.0      1.00     yes
    1458.8         2.026e-03       9.7      1.00     NO*
     874.5         2.028e-03       8.4      1.15     NO*
    1919.2         2.029e-03       8.9      1.01     NO*
      27.2         2.029e-03       7.5      1.00     NO*
    2156.2         2.044e-03       5.3      1.00     yes
     313.0         2.056e-03       3.6      1.15     yes
    1222.0         2.066e-03       8.0      1.09     NO*
    1057.8         2.087e-03      25.3      1.00     NO*
    2286.0         2.091e-03      14.1      1.35     NO*
    1791.8         2.102e-03       5.9      1.34     yes
    2192.8         2.110e-03      17.1      1.00     NO*
     194.8         2.125e-03       0.9      1.00     yes
     135.0         2.134e-03      12.2      1.04     NO*
    1413.0         2.138e-03       7.9      1.01     NO*
      88.8         2.146e-03       9.7      1.03     NO*
    1589.8         2.174e-03       5.7      1.10     yes
    1506.8         2.178e-03       2.1      1.00     yes
    1306.2         2.204e-03       2.2      1.00     yes
    2131.0         2.218e-03       5.2      1.15     yes
    1707.2         2.222e-03       2.4      1.00     yes
    1884.0         2.249e-03       8.8      1.37     NO*
    2383.2         2.258e-03      20.6      1.15     NO*
    1660.8         2.263e-03       9.3      1.33     NO*
    2467.0         2.277e-03      21.7      1.03     NO*
     270.0         2.305e-03       6.1      1.08     NO*
    1140.8         2.307e-03       3.0      1.05     yes
     560.8         2.351e-03       5.2      1.23     yes
     159.8         2.361e-03      20.2      1.29     NO*
     857.2         2.365e-03       6.0      1.00     yes
     242.8         2.387e-03       7.9      1.00     NO*
    2489.2         2.394e-03       6.2      1.11     NO*
    2358.2         2.409e-03       5.1      1.07     yes
    1838.0         2.410e-03       6.5      1.62     NO*
     739.8         2.417e-03       7.1      1.03     NO*
     655.2         2.422e-03       3.5      1.00     yes
      63.8         2.432e-03      10.1      1.12     NO*
     761.2         2.456e-03      21.0      1.21     NO*
    1436.0         2.510e-03      19.0      1.08     NO*
    1772.0         2.630e-03      10.2      1.07     NO*
    2085.0         2.630e-03      21.4      1.28     NO*
     382.0         2.661e-03       4.3      1.05     yes
    1944.2         2.680e-03       7.8      1.00     NO*
     986.5         2.750e-03       6.9      1.06     NO*
    1479.0         2.854e-03       5.2      1.22     yes
    2421.0         2.966e-03       8.4      1.24     NO*
     809.2         3.026e-03      29.4      1.45     NO*
     784.0         3.063e-03       6.1      1.26     NO*
    1077.0         3.087e-03       6.6      1.20     NO*
     672.0         3.139e-03      23.2      1.35     NO*
    1614.0         3.146e-03       9.9      2.05     NO*
    2220.0         3.193e-03      14.7      1.53     NO*
     892.2         3.409e-03       4.7      1.00     yes
    2062.0         3.480e-03       6.8      1.55     NO*
    1992.2         3.529e-03       8.5      1.00     NO*
    1525.0         3.615e-03      11.5      2.54     NO*
     718.0         3.670e-03       7.8      1.16     NO*
     830.0         3.773e-03      19.1      1.43     NO*
     224.0         3.889e-03      21.5      1.51     NO*
     360.2         3.905e-03      19.4      1.82     NO*
     336.0         4.100e-03      14.9      2.76     NO*
    2441.2         4.201e-03      43.8      1.66     NO*
    1637.0         4.557e-03      23.5      2.47     NO*
     608.8         4.746e-03      10.8      2.75     NO*
    1031.0         4.962e-03      19.6      4.21     NO*
     919.0         5.030e-03      25.9      1.00     NO*
    1009.8         6.269e-03       7.1      1.34     NO*
    1389.2         6.323e-03      29.1      5.57     NO*
     691.8         8.612e-03      34.4      1.00     NO*
     940.2         1.068e-02      22.2      1.51     NO*
    2332.0         1.198e-02      31.1      5.24     NO*
     471.0         8.229e-02      30.6     67.02     NO*
     112.0         2.850e-01      37.4    176.10     NO*
    1973.0         5.164e-01      39.8    291.68     NO*
    1166.0         6.051e-01      40.5    264.70     NO*
     583.0         1.408e+00      53.5    252.74     NO*
    1278.0         2.968e+00      60.5    204.99     NO*
    1861.2         2.200e+03      69.4  66689.69     NO*
  consensus floor = 2.125e-03 mV^2/Hz over 27 clean bands  ->  Var(n) = 0.0085 mV^2  (RMS 92.2 uV)
  carrier a = 985.250 mV  ->  SNR = 77.6 dB in the 4 Hz demod band
