FULL PER-BAND NOISE-FLOOR TABLE
Fs = 5000.00 Hz  carrier = 930.500 Hz  Nyquist = 2500.0 Hz
record = 500000 samples (100.0 s)  Welch NFFT = 8192  bin = 0.610 Hz
candidate carrier-free bands = 106  (guard ±3.0 Hz from every comb line)
'clean' = no bin > band-median + 6.0 dB;  bw_ratio = density spread across halfwidths [2, 5, 10, 20]

========================================================================
A2V-16_A1
========================================================================
 center Hz   density mV^2/Hz  worst dB  bw_ratio   clean
     919.0         2.513e-03       9.4      1.02     NO*
    2489.2         2.535e-03       1.1      1.08     yes
    1743.8         2.646e-03       0.7      1.00     yes
    1188.8         2.647e-03       1.6      1.06     yes
     784.0         2.651e-03       0.7      1.02     yes
    1525.0         2.679e-03       0.7      1.06     yes
    2062.0         2.685e-03       1.0      1.00     yes
     471.0         2.692e-03       1.1      1.04     yes
     194.8         2.707e-03       0.8      1.00     yes
    1479.0         2.708e-03       0.9      1.10     yes
     336.0         2.712e-03       0.9      1.04     yes
     135.0         2.722e-03       0.9      1.01     yes
    1726.0         2.723e-03       0.5      1.05     yes
    1306.2         2.740e-03       0.3      1.00     yes
    1436.0         2.743e-03       0.6      1.03     yes
    1637.0         2.750e-03       0.8      1.05     yes
    1884.0         2.750e-03       0.6      1.03     yes
    2109.8         2.758e-03       0.5      1.09     yes
     761.2         2.764e-03       2.7      1.02     yes
    1919.2         2.765e-03       0.8      1.02     yes
    1973.0         2.767e-03       1.1      1.00     yes
    1755.2         2.767e-03       0.7      1.00     yes
     718.0         2.773e-03       0.9      1.05     yes
    1094.2         2.775e-03       0.9      1.00     yes
    1707.2         2.778e-03       0.9      1.00     yes
    1955.8         2.780e-03       0.8      1.00     yes
    1294.8         2.781e-03       0.9      1.00     yes
    1772.0         2.783e-03       0.9      1.01     yes
    1569.5         2.787e-03       0.7      1.01     yes
    1660.8         2.794e-03       0.6      1.09     yes
    1589.8         2.795e-03       0.6      1.06     yes
     313.0         2.812e-03       0.6      1.01     yes
    2421.0         2.828e-03       0.7      1.01     yes
    2028.8         2.828e-03       0.8      1.05     yes
    2240.8         2.830e-03       0.6      1.05     yes
    1389.2         2.835e-03       0.6      1.02     yes
     290.8         2.836e-03       1.0      1.01     yes
    1458.8         2.838e-03       0.5      1.00     yes
    1813.2         2.841e-03       0.8      1.02     yes
    1838.0         2.843e-03       0.7      1.00     yes
     857.2         2.844e-03       0.7      1.00     yes
    2264.5         2.845e-03       0.5      1.06     yes
      88.8         2.849e-03       0.9      1.01     yes
    2156.2         2.851e-03       0.7      1.00     yes
    2192.8         2.855e-03       0.5      1.00     yes
    1413.0         2.859e-03       0.5      1.00     yes
    2085.0         2.860e-03       0.6      1.01     yes
     809.2         2.866e-03       0.8      1.04     yes
    1944.2         2.873e-03       0.8      1.00     yes
     874.5         2.877e-03       1.2      1.17     yes
    1791.8         2.879e-03       0.6      1.04     yes
    1115.8         2.879e-03       0.8      1.01     yes
     739.8         2.880e-03       0.4      1.02     yes
    1057.8         2.883e-03       0.8      1.00     yes
    2332.0         2.889e-03       1.2      1.04     yes
     965.0         2.892e-03       0.7      1.06     yes
     206.2         2.898e-03       0.7      1.00     yes
    2383.2         2.900e-03       2.0      1.03     yes
     655.2         2.908e-03       0.5      1.00     yes
     242.8         2.909e-03       1.0      1.00     yes
    1614.0         2.917e-03       0.7      1.00     yes
     633.8         2.918e-03       0.8      1.02     yes
    1506.8         2.919e-03       0.8      1.00     yes
     830.0         2.920e-03       1.3      1.07     yes
     270.0         2.921e-03       0.6      1.00     yes
    1222.0         2.922e-03       0.7      1.11     yes
    1681.5         2.926e-03       0.4      1.00     yes
      27.2         2.933e-03       1.2      1.00     yes
      63.8         2.933e-03      18.1      1.09     NO*
    2174.0         2.937e-03       0.6      1.04     yes
     224.0         2.942e-03       0.7      1.05     yes
    2441.2         2.942e-03       6.1      1.00     NO*
    2467.0         2.946e-03       1.9      1.04     yes
    2358.2         2.947e-03       0.8      1.00     yes
    2220.0         2.951e-03       0.5      1.02     yes
    1278.0         2.953e-03      15.1      1.05     NO*
    1543.2         2.955e-03       0.3      1.00     yes
    1367.0         2.955e-03       0.9      1.01     yes
     360.2         2.955e-03       1.4      1.10     yes
    1166.0         2.976e-03       1.9      1.04     yes
    1331.2         2.977e-03       0.6      1.04     yes
    2310.2         2.982e-03       0.7      1.00     yes
     179.5         2.992e-03       5.3      1.17     yes
     112.0         3.001e-03      11.3      1.01     NO*
     940.2         3.010e-03       9.6      1.01     NO*
     986.5         3.026e-03       2.9      1.08     yes
    1140.8         3.028e-03       0.9      1.01     yes
     491.2         3.029e-03       0.8      1.00     yes
    2131.0         3.032e-03       1.1      1.10     yes
     892.2         3.033e-03       0.7      1.00     yes
     159.8         3.054e-03       0.8      1.03     yes
    2286.0         3.063e-03       0.6      1.06     yes
      42.2         3.069e-03       0.5      1.00     yes
     382.0         3.078e-03       0.7      1.00     yes
    1258.2         3.093e-03       0.6      1.04     yes
     672.0         3.097e-03       2.9      1.06     yes
    1031.0         3.129e-03       1.6      1.06     yes
     691.8         3.133e-03       3.7      1.01     yes
     608.8         3.179e-03       0.8      1.03     yes
    1077.0         3.184e-03       0.5      1.02     yes
    1009.8         3.285e-03       5.9      1.09     yes
     583.0         3.473e-03       8.9      1.03     NO*
    1992.2         3.833e-03       4.3      1.00     yes
     560.8         4.585e-03       0.6      1.02     yes
     527.0         5.055e-03       1.6      1.03     yes
    1861.2         2.579e-02      22.1     17.16     NO*
  consensus floor = 2.878e-03 mV^2/Hz over 98 clean bands  ->  Var(n) = 0.0115 mV^2  (RMS 107.3 uV)
  carrier a = 100.241 mV  ->  SNR = 56.4 dB in the 4 Hz demod band

========================================================================
A2V-16_A2
========================================================================
 center Hz   density mV^2/Hz  worst dB  bw_ratio   clean
    1637.0         2.387e-03       0.9      1.05     yes
    1525.0         2.388e-03       1.2      1.07     yes
    2085.0         2.399e-03       0.9      1.00     yes
    1331.2         2.423e-03       0.8      1.03     yes
    1755.2         2.447e-03       0.9      1.00     yes
    1944.2         2.452e-03       0.6      1.00     yes
     784.0         2.454e-03       2.1      1.06     yes
    1458.8         2.464e-03       0.6      1.02     yes
    1506.8         2.465e-03       1.1      1.00     yes
    1367.0         2.467e-03       0.8      1.01     yes
    1436.0         2.468e-03       0.7      1.02     yes
    2421.0         2.488e-03       0.7      1.02     yes
     159.8         2.506e-03       0.8      1.07     yes
    1681.5         2.509e-03       1.1      1.11     yes
     194.8         2.510e-03       0.1      1.00     yes
    1614.0         2.511e-03       0.7      1.07     yes
     290.8         2.515e-03       0.7      1.04     yes
    1791.8         2.519e-03       0.6      1.04     yes
    1838.0         2.532e-03       0.8      1.02     yes
    1222.0         2.535e-03       1.1      1.02     yes
    2131.0         2.538e-03       1.2      1.04     yes
     965.0         2.541e-03       1.5      1.05     yes
    1115.8         2.544e-03       0.8      1.10     yes
     691.8         2.544e-03       1.6      1.07     yes
     313.0         2.547e-03       0.8      1.03     yes
    1188.8         2.548e-03       1.0      1.04     yes
     892.2         2.548e-03       1.3      1.00     yes
     857.2         2.549e-03       1.0      1.00     yes
     874.5         2.551e-03       0.8      1.01     yes
    1569.5         2.553e-03       0.7      1.05     yes
    1743.8         2.553e-03       0.4      1.00     yes
    2310.2         2.554e-03       0.8      1.02     yes
     270.0         2.555e-03       1.1      1.04     yes
    2062.0         2.556e-03       0.9      1.00     yes
    1258.2         2.561e-03       0.6      1.00     yes
    1707.2         2.563e-03       0.6      1.00     yes
    2028.8         2.564e-03       1.2      1.04     yes
     940.2         2.565e-03      10.3      1.04     NO*
    1306.2         2.568e-03       0.6      1.00     yes
     633.8         2.572e-03       0.8      1.00     yes
    1294.8         2.576e-03       0.2      1.00     yes
    1660.8         2.577e-03       0.6      1.04     yes
     242.8         2.582e-03       2.0      1.00     yes
    2264.5         2.590e-03       0.6      1.08     yes
    2383.2         2.593e-03       2.7      1.05     yes
    1919.2         2.593e-03       1.0      1.01     yes
    1413.0         2.594e-03       0.2      1.01     yes
     761.2         2.597e-03       2.4      1.00     yes
    1479.0         2.600e-03       0.7      1.02     yes
    1140.8         2.601e-03       1.5      1.06     yes
     919.0         2.601e-03       9.9      1.03     NO*
    2286.0         2.604e-03       1.6      1.01     yes
     739.8         2.607e-03       0.7      1.04     yes
     809.2         2.608e-03       1.6      1.05     yes
     135.0         2.608e-03       1.0      1.02     yes
     471.0         2.611e-03       1.3      1.06     yes
    1772.0         2.611e-03       0.5      1.09     yes
     336.0         2.613e-03       1.2      1.03     yes
    2489.2         2.625e-03       0.7      1.08     yes
     672.0         2.635e-03       2.9      1.01     yes
     382.0         2.636e-03       0.5      1.05     yes
    1813.2         2.636e-03       0.7      1.04     yes
    2109.8         2.637e-03       0.7      1.07     yes
     986.5         2.647e-03       3.7      1.01     yes
    2156.2         2.649e-03       0.4      1.00     yes
    1973.0         2.650e-03       1.1      1.02     yes
    1726.0         2.651e-03       0.7      1.02     yes
    2192.8         2.657e-03       0.6      1.00     yes
      88.8         2.665e-03       0.9      1.03     yes
    2332.0         2.666e-03       1.2      1.03     yes
    2358.2         2.670e-03       0.4      1.00     yes
    1077.0         2.674e-03       1.3      1.02     yes
    2467.0         2.677e-03       1.6      1.00     yes
     112.0         2.688e-03      20.6      1.04     NO*
    1389.2         2.691e-03       0.6      1.01     yes
    2240.8         2.697e-03       0.4      1.01     yes
     655.2         2.697e-03       0.3      1.00     yes
    1278.0         2.706e-03      14.8      1.03     NO*
    1166.0         2.717e-03       1.0      1.00     yes
    1884.0         2.733e-03       0.6      1.01     yes
     718.0         2.736e-03       1.4      1.01     yes
    1589.8         2.737e-03       1.2      1.07     yes
    1057.8         2.749e-03       0.5      1.00     yes
    1094.2         2.752e-03       0.8      1.00     yes
      63.8         2.758e-03      26.7      1.07     NO*
     360.2         2.769e-03       5.7      1.13     yes
    2441.2         2.775e-03       3.8      1.07     yes
    1955.8         2.778e-03       0.3      1.00     yes
     224.0         2.778e-03       1.0      1.01     yes
    2174.0         2.779e-03       0.9      1.01     yes
     830.0         2.807e-03       2.7      1.08     yes
     206.2         2.819e-03       0.3      1.00     yes
      27.2         2.844e-03       0.4      1.00     yes
    1543.2         2.854e-03       0.7      1.00     yes
     491.2         2.856e-03       0.7      1.01     yes
     179.5         2.876e-03      13.2      1.25     NO*
    2220.0         2.889e-03       0.7      1.04     yes
    1031.0         2.897e-03       1.2      1.11     yes
      42.2         2.908e-03       0.6      1.00     yes
     608.8         2.947e-03       0.5      1.04     yes
     583.0         3.103e-03       8.0      1.09     NO*
    1009.8         3.244e-03       5.7      1.06     yes
    1992.2         3.514e-03       3.7      1.00     yes
     560.8         4.326e-03       0.8      1.00     yes
     527.0         5.263e-03       3.8      1.06     yes
    1861.2         2.094e-02      21.6     14.69     NO*
  consensus floor = 2.602e-03 mV^2/Hz over 98 clean bands  ->  Var(n) = 0.0104 mV^2  (RMS 102.0 uV)
  carrier a = 107.391 mV  ->  SNR = 57.4 dB in the 4 Hz demod band

========================================================================
A2V-16_A3
========================================================================
 center Hz   density mV^2/Hz  worst dB  bw_ratio   clean
    2421.0         3.428e-03       1.0      1.05     yes
    1707.2         3.439e-03       0.3      1.00     yes
    2062.0         3.455e-03       1.1      1.05     yes
    2109.8         3.481e-03       0.8      1.07     yes
    1743.8         3.493e-03       0.7      1.00     yes
    2358.2         3.525e-03       0.4      1.08     yes
    2192.8         3.527e-03       0.3      1.00     yes
     270.0         3.528e-03       0.8      1.03     yes
    2028.8         3.531e-03       0.9      1.09     yes
    2174.0         3.532e-03       0.8      1.04     yes
    1258.2         3.546e-03       0.5      1.07     yes
    1660.8         3.549e-03       0.8      1.12     yes
    1525.0         3.555e-03       0.5      1.07     yes
    1791.8         3.578e-03       1.1      1.07     yes
    2085.0         3.581e-03       0.8      1.14     yes
    1458.8         3.582e-03       1.3      1.00     yes
    1294.8         3.587e-03       0.9      1.00     yes
    1973.0         3.599e-03       1.0      1.04     yes
     313.0         3.615e-03       0.8      1.08     yes
    2310.2         3.617e-03       1.0      1.00     yes
    1569.5         3.620e-03       0.8      1.03     yes
     224.0         3.627e-03       1.3      1.00     yes
     633.8         3.630e-03       0.8      1.11     yes
     874.5         3.655e-03       1.3      1.01     yes
    1589.8         3.661e-03       0.8      1.01     yes
    1884.0         3.669e-03       1.4      1.00     yes
    2489.2         3.673e-03       1.0      1.03     yes
    2264.5         3.687e-03       0.9      1.00     yes
     965.0         3.690e-03       0.9      1.04     yes
    1755.2         3.709e-03       0.5      1.00     yes
    1413.0         3.710e-03       0.5      1.07     yes
    2383.2         3.716e-03       2.2      1.04     yes
     784.0         3.726e-03       0.6      1.00     yes
     919.0         3.727e-03       9.6      1.00     NO*
    1222.0         3.731e-03       0.8      1.02     yes
    1919.2         3.736e-03       0.8      1.07     yes
    1140.8         3.736e-03       0.6      1.05     yes
    1331.2         3.744e-03       0.8      1.00     yes
    1772.0         3.748e-03       0.7      1.04     yes
    2131.0         3.765e-03       0.5      1.10     yes
    1614.0         3.773e-03       0.8      1.01     yes
    1479.0         3.783e-03       1.0      1.03     yes
     739.8         3.783e-03       0.5      1.02     yes
    2220.0         3.786e-03       1.3      1.02     yes
    1506.8         3.788e-03       0.5      1.00     yes
     471.0         3.793e-03       0.6      1.03     yes
    1436.0         3.802e-03       0.7      1.02     yes
    1955.8         3.812e-03       0.5      1.00     yes
     336.0         3.813e-03       0.7      1.05     yes
     809.2         3.817e-03       0.5      1.02     yes
    1681.5         3.826e-03       0.8      1.01     yes
    1389.2         3.827e-03       0.9      1.01     yes
     242.8         3.828e-03       0.7      1.00     yes
    1543.2         3.837e-03       0.5      1.00     yes
     206.2         3.839e-03       0.4      1.00     yes
     382.0         3.849e-03       0.7      1.01     yes
    2332.0         3.851e-03       0.7      1.13     yes
     290.8         3.859e-03       0.6      1.00     yes
     655.2         3.860e-03       1.1      1.00     yes
    1367.0         3.860e-03       0.7      1.01     yes
    2286.0         3.862e-03       1.2      1.02     yes
     892.2         3.873e-03       0.6      1.00     yes
    1944.2         3.883e-03       0.4      1.00     yes
    1306.2         3.890e-03       0.9      1.00     yes
    2156.2         3.904e-03       0.4      1.00     yes
    2467.0         3.911e-03       1.2      1.02     yes
    2240.8         3.915e-03       0.6      1.05     yes
      88.8         3.916e-03       0.8      1.05     yes
     672.0         3.920e-03       3.2      1.00     yes
    1838.0         3.927e-03       0.6      1.00     yes
    1813.2         3.931e-03       0.6      1.03     yes
     360.2         3.933e-03       1.6      1.00     yes
    1637.0         3.950e-03       0.8      1.08     yes
     857.2         3.981e-03       0.4      1.00     yes
     608.8         3.989e-03       0.5      1.01     yes
     194.8         3.989e-03       0.7      1.00     yes
    1166.0         3.990e-03       0.8      1.05     yes
    1057.8         3.998e-03       0.4      1.00     yes
    1077.0         3.999e-03       0.7      1.02     yes
    1188.8         4.007e-03       1.3      1.01     yes
     940.2         4.015e-03       9.3      1.14     NO*
     986.5         4.026e-03       2.6      1.04     yes
     112.0         4.031e-03      11.0      1.04     NO*
      63.8         4.033e-03      17.0      1.02     NO*
     159.8         4.038e-03       0.7      1.00     yes
     761.2         4.042e-03       2.1      1.01     yes
     135.0         4.048e-03       0.7      1.04     yes
      42.2         4.063e-03       0.5      1.00     yes
    2441.2         4.065e-03       7.5      1.02     NO*
    1278.0         4.080e-03      19.0      1.07     NO*
    1726.0         4.081e-03       0.9      1.17     yes
     718.0         4.090e-03       0.5      1.02     yes
    1115.8         4.097e-03       1.2      1.06     yes
     691.8         4.112e-03       2.4      1.02     yes
    1094.2         4.149e-03       0.9      1.00     yes
    1031.0         4.156e-03       1.4      1.00     yes
     830.0         4.181e-03       1.6      1.03     yes
     491.2         4.219e-03       0.6      1.07     yes
     179.5         4.236e-03       4.7      1.03     yes
      27.2         4.319e-03       1.0      1.00     yes
    1992.2         4.697e-03       3.7      1.00     yes
     583.0         4.808e-03      11.9      1.10     NO*
    1009.8         4.909e-03       5.3      1.04     yes
     560.8         5.165e-03       1.0      1.00     yes
     527.0         6.194e-03       1.6      1.01     yes
    1861.2         6.635e-02      25.5     37.53     NO*
  consensus floor = 3.821e-03 mV^2/Hz over 98 clean bands  ->  Var(n) = 0.0153 mV^2  (RMS 123.6 uV)
  carrier a = 120.991 mV  ->  SNR = 56.8 dB in the 4 Hz demod band

========================================================================
A2V-16_A4
========================================================================
 center Hz   density mV^2/Hz  worst dB  bw_ratio   clean
    1294.8         3.972e-04       1.0      1.00     yes
    1543.2         4.013e-04       1.1      1.00     yes
    1707.2         4.170e-04       0.8      1.00     yes
    1367.0         4.221e-04       0.9      1.00     yes
    1637.0         4.326e-04       1.1      1.09     yes
     739.8         4.388e-04       0.6      1.05     yes
    1525.0         4.404e-04       0.7      1.03     yes
    1919.2         4.410e-04       1.4      1.02     yes
    1755.2         4.415e-04       0.4      1.00     yes
     242.8         4.421e-04       1.7      1.00     yes
    2441.2         4.425e-04      11.9      1.12     NO*
    1944.2         4.432e-04       0.7      1.00     yes
    1589.8         4.441e-04       1.0      1.00     yes
    1726.0         4.447e-04       0.9      1.00     yes
    1660.8         4.447e-04       0.6      1.09     yes
     830.0         4.464e-04       6.5      1.03     NO*
    1772.0         4.471e-04       1.3      1.02     yes
    2028.8         4.492e-04       3.9      1.08     yes
    1569.5         4.496e-04       0.6      1.02     yes
    1884.0         4.505e-04       1.0      1.01     yes
    1838.0         4.519e-04       0.8      1.00     yes
    1436.0         4.537e-04       1.2      1.01     yes
    1955.8         4.591e-04       0.3      1.00     yes
     761.2         4.600e-04       7.2      1.02     NO*
     718.0         4.617e-04       1.5      1.04     yes
     159.8         4.625e-04       0.9      1.03     yes
    1813.2         4.629e-04       1.1      1.02     yes
    1743.8         4.633e-04       0.6      1.00     yes
    1479.0         4.639e-04       0.8      1.02     yes
    2085.0         4.644e-04       0.7      1.05     yes
     784.0         4.649e-04       1.7      1.00     yes
    1681.5         4.662e-04       2.1      1.00     yes
    1389.2         4.677e-04       2.1      1.00     yes
    2062.0         4.679e-04       1.2      1.05     yes
    2383.2         4.705e-04       7.6      1.02     NO*
    1413.0         4.709e-04       0.7      1.10     yes
    1306.2         4.710e-04       0.7      1.00     yes
    2109.8         4.723e-04       2.0      1.02     yes
    1331.2         4.724e-04       1.4      1.02     yes
     874.5         4.726e-04       1.1      1.01     yes
    1222.0         4.739e-04       1.2      1.02     yes
     382.0         4.748e-04       0.3      1.02     yes
     206.2         4.756e-04       0.7      1.00     yes
     965.0         4.770e-04       1.7      1.01     yes
    2358.2         4.783e-04       0.9      1.05     yes
     857.2         4.787e-04       0.7      1.00     yes
    1458.8         4.798e-04       0.8      1.02     yes
     919.0         4.831e-04      17.1      1.03     NO*
     313.0         4.866e-04       1.1      1.08     yes
    1614.0         4.886e-04       1.1      1.02     yes
     135.0         4.890e-04       0.8      1.04     yes
    1506.8         4.910e-04       0.5      1.00     yes
     290.8         4.919e-04       0.5      1.01     yes
    1973.0         4.932e-04       4.4      1.14     yes
    1258.2         4.939e-04       0.8      1.04     yes
    2467.0         4.945e-04       8.0      1.01     NO*
     940.2         4.946e-04      17.2      1.06     NO*
    2489.2         4.949e-04       0.6      1.03     yes
    2421.0         4.965e-04       1.2      1.11     yes
     224.0         4.992e-04       1.1      1.01     yes
     336.0         5.008e-04       0.7      1.04     yes
    2310.2         5.012e-04       2.3      1.04     yes
     892.2         5.013e-04       0.7      1.00     yes
    2174.0         5.024e-04       1.1      1.08     yes
     194.8         5.029e-04       1.1      1.00     yes
     270.0         5.065e-04       0.8      1.05     yes
     809.2         5.088e-04       0.5      1.09     yes
    2332.0         5.088e-04       0.9      1.02     yes
    2156.2         5.125e-04       0.8      1.00     yes
    1791.8         5.126e-04       0.8      1.11     yes
     179.5         5.127e-04      13.0      1.07     NO*
    1278.0         5.151e-04      22.4      1.04     NO*
     672.0         5.163e-04       9.0      1.08     NO*
     360.2         5.176e-04       6.5      1.05     NO*
    2264.5         5.179e-04       1.4      1.01     yes
      42.2         5.180e-04       1.3      1.00     yes
     112.0         5.183e-04      20.9      1.13     NO*
     633.8         5.209e-04       1.1      1.05     yes
      88.8         5.214e-04       0.9      1.01     yes
    2131.0         5.236e-04       1.3      1.04     yes
     471.0         5.246e-04       1.8      1.06     yes
    2220.0         5.254e-04       3.2      1.00     yes
      63.8         5.269e-04      27.2      1.14     NO*
    2286.0         5.273e-04       3.7      1.04     yes
    1188.8         5.332e-04       3.9      1.00     yes
    2192.8         5.407e-04       0.3      1.00     yes
     655.2         5.437e-04       0.9      1.00     yes
    1094.2         5.477e-04       3.1      1.00     yes
    1057.8         5.494e-04       1.0      1.00     yes
    1031.0         5.558e-04       5.8      1.01     yes
    1140.8         5.573e-04       1.0      1.05     yes
     691.8         5.655e-04       7.9      1.06     NO*
    1077.0         5.740e-04       1.4      1.04     yes
    1115.8         5.746e-04       1.2      1.05     yes
    2240.8         5.781e-04       0.5      1.02     yes
     608.8         6.161e-04       3.5      1.05     yes
      27.2         6.353e-04       0.4      1.00     yes
    1166.0         6.499e-04       4.7      1.11     yes
     986.5         6.736e-04       7.5      1.19     NO*
     491.2         7.918e-04       1.9      1.00     yes
     583.0         9.464e-04      14.5      1.05     NO*
    1992.2         1.003e-03       6.7      1.00     NO*
    1009.8         1.064e-03      10.5      1.44     NO*
     560.8         2.085e-03       1.3      1.00     yes
     527.0         3.163e-03       1.7      1.01     yes
    1861.2         2.221e-02      29.8     87.81     NO*
  consensus floor = 4.866e-04 mV^2/Hz over 87 clean bands  ->  Var(n) = 0.0019 mV^2  (RMS 44.1 uV)
  carrier a = 109.690 mV  ->  SNR = 64.9 dB in the 4 Hz demod band
