FULL PER-BAND NOISE-FLOOR TABLE
Fs = 5000.00 Hz  carrier = 930.500 Hz  Nyquist = 2500.0 Hz
record = 300000 samples (60.0 s)  Welch NFFT = 8192  bin = 0.610 Hz
candidate carrier-free bands = 106  (guard ±3.0 Hz from every comb line)
'clean' = no bin > band-median + 6.0 dB;  bw_ratio = density spread across halfwidths [2, 5, 10, 20]

========================================================================
A2V-16_A1
========================================================================
 center Hz   density mV^2/Hz  worst dB  bw_ratio   clean
    1955.8         3.025e-03       0.8      1.00     yes
    1057.8         3.115e-03      22.4      1.00     NO*
    2264.5         3.125e-03       5.8      1.08     yes
    1543.2         3.154e-03       4.1      1.00     yes
    2240.8         3.163e-03       1.6      1.07     yes
     965.0         3.185e-03       8.6      1.14     NO*
     633.8         3.187e-03       4.0      1.01     yes
     491.2         3.195e-03       2.7      1.08     yes
     290.8         3.222e-03       1.0      1.05     yes
    1367.0         3.255e-03       8.3      1.02     NO*
     313.0         3.264e-03       2.1      1.04     yes
    1094.2         3.296e-03       3.6      1.00     yes
    1569.5         3.304e-03       3.1      1.03     yes
    1294.8         3.307e-03       1.6      1.00     yes
    1919.2         3.328e-03       4.6      1.07     yes
     194.8         3.336e-03       0.8      1.00     yes
    1755.2         3.339e-03       0.8      1.00     yes
    1331.2         3.341e-03       5.4      1.01     yes
    1681.5         3.343e-03       3.1      1.07     yes
     874.5         3.379e-03       5.6      1.05     yes
    1813.2         3.386e-03       3.8      1.09     yes
     179.5         3.404e-03       8.0      1.00     NO*
    1258.2         3.430e-03       5.1      1.00     yes
    1306.2         3.467e-03       2.5      1.00     yes
    1791.8         3.471e-03       5.2      1.04     yes
    1458.8         3.486e-03       8.7      1.02     NO*
    1772.0         3.490e-03       5.9      1.01     yes
    1506.8         3.490e-03       0.7      1.00     yes
    2467.0         3.504e-03      17.7      1.03     NO*
    2310.2         3.510e-03       6.3      1.01     NO*
    2286.0         3.512e-03      10.2      1.15     NO*
    2131.0         3.533e-03       3.1      1.01     yes
    1188.8         3.538e-03       5.0      1.00     yes
     560.8         3.538e-03       3.2      1.10     yes
    2156.2         3.541e-03       3.3      1.00     yes
    1884.0         3.551e-03       7.8      1.04     NO*
    2028.8         3.562e-03      13.3      1.06     NO*
    2174.0         3.573e-03       7.2      1.00     NO*
    1222.0         3.579e-03       6.6      1.03     NO*
      88.8         3.581e-03       7.8      1.04     NO*
    1743.8         3.598e-03       0.4      1.00     yes
    1726.0         3.599e-03       3.8      1.00     yes
    1944.2         3.601e-03       4.4      1.00     yes
     672.0         3.605e-03      19.5      1.00     NO*
     527.0         3.640e-03       5.9      1.00     yes
    1660.8         3.645e-03       6.9      1.07     NO*
    1589.8         3.657e-03       3.4      1.06     yes
    1707.2         3.716e-03       1.5      1.00     yes
     655.2         3.717e-03       1.6      1.00     yes
      27.2         3.720e-03       2.0      1.00     yes
     135.0         3.729e-03       7.1      1.01     NO*
     382.0         3.735e-03       2.4      1.07     yes
    2383.2         3.755e-03      16.9      1.01     NO*
    2489.2         3.755e-03       3.5      1.12     yes
    1413.0         3.771e-03       5.6      1.05     yes
      63.8         3.771e-03       6.7      1.04     NO*
      42.2         3.773e-03       7.9      1.00     NO*
     206.2         3.784e-03       2.0      1.00     yes
     270.0         3.788e-03       4.8      1.03     yes
    2358.2         3.814e-03       2.0      1.07     yes
    1115.8         3.823e-03       4.4      1.14     yes
     242.8         3.861e-03       7.5      1.00     NO*
    1838.0         3.880e-03       4.5      1.32     yes
    1140.8         3.898e-03       2.6      1.17     yes
    1436.0         3.972e-03      18.2      1.05     NO*
    2421.0         3.989e-03       5.3      1.23     yes
    2109.8         3.999e-03       9.0      1.26     NO*
     892.2         4.066e-03       1.3      1.00     yes
    1077.0         4.104e-03       2.8      1.01     yes
    2085.0         4.114e-03      24.1      1.30     NO*
    2220.0         4.174e-03      12.7      1.37     NO*
     809.2         4.208e-03      22.6      1.16     NO*
    2192.8         4.224e-03      11.2      1.00     NO*
     336.0         4.248e-03       9.5      1.50     NO*
     784.0         4.271e-03       2.4      1.03     yes
     159.8         4.312e-03      18.2      1.04     NO*
     718.0         4.314e-03       5.2      1.18     yes
     857.2         4.436e-03       5.6      1.00     yes
    1479.0         4.530e-03       4.5      1.37     yes
    2062.0         4.571e-03       5.5      1.34     yes
     608.8         4.599e-03       4.0      1.28     yes
     830.0         4.610e-03      14.5      1.29     NO*
     224.0         4.810e-03      20.3      1.11     NO*
     761.2         4.914e-03      16.1      1.01     NO*
     986.5         5.038e-03       5.6      1.26     yes
     360.2         5.335e-03      17.5      1.54     NO*
     739.8         5.338e-03       5.0      1.02     yes
    2441.2         5.616e-03      43.0      1.59     NO*
    1031.0         6.145e-03      15.0      2.46     NO*
    1637.0         6.199e-03      16.4      2.25     NO*
    1525.0         6.210e-03      12.1      2.16     NO*
    1992.2         6.262e-03       8.1      1.00     NO*
     919.0         6.293e-03      23.3      1.14     NO*
    1614.0         6.365e-03      11.5      2.62     NO*
    1389.2         8.294e-03      26.2      3.53     NO*
    1009.8         8.944e-03       8.2      1.27     NO*
     940.2         9.374e-03      21.1      1.30     NO*
    2332.0         9.466e-03      28.3      3.24     NO*
     691.8         1.401e-02      39.6      1.00     NO*
     471.0         9.724e-02      28.5     48.81     NO*
    1973.0         1.472e-01      32.7     54.00     NO*
     583.0         2.148e-01      45.8     93.33     NO*
     112.0         2.418e-01      34.2     93.75     NO*
    1166.0         3.345e-01      36.7    152.59     NO*
    1278.0         1.816e+00      57.1    178.73     NO*
    1861.2         2.650e+03      68.7  65786.81     NO*
  consensus floor = 3.598e-03 mV^2/Hz over 55 clean bands  ->  Var(n) = 0.0144 mV^2  (RMS 120.0 uV)
  carrier a = 787.332 mV  ->  SNR = 73.3 dB in the 4 Hz demod band

========================================================================
A2V-16_A2
========================================================================
 center Hz   density mV^2/Hz  worst dB  bw_ratio   clean
    1955.8         4.243e-03       0.4      1.00     yes
    2264.5         4.617e-03       6.5      1.04     NO*
    1258.2         4.764e-03       1.7      1.02     yes
    1306.2         4.830e-03       0.3      1.00     yes
     874.5         4.974e-03       4.1      1.06     yes
    1755.2         4.977e-03       0.5      1.00     yes
    2240.8         4.984e-03       2.0      1.00     yes
     965.0         4.985e-03       8.3      1.20     NO*
    1589.8         5.006e-03       1.6      1.02     yes
    1057.8         5.097e-03      22.9      1.00     NO*
     290.8         5.119e-03       0.8      1.00     yes
    1458.8         5.133e-03       6.6      1.03     NO*
    2109.8         5.141e-03       9.2      1.06     NO*
    1791.8         5.150e-03       3.9      1.01     yes
    1188.8         5.159e-03       6.1      1.00     NO*
    1569.5         5.167e-03       3.7      1.05     yes
    2028.8         5.170e-03      12.9      1.01     NO*
    1743.8         5.184e-03       0.9      1.00     yes
    1222.0         5.185e-03       4.9      1.07     yes
    1413.0         5.188e-03       5.1      1.02     yes
     179.5         5.200e-03       6.2      1.07     NO*
    1944.2         5.205e-03       3.6      1.00     yes
    1331.2         5.239e-03       5.0      1.00     yes
    1094.2         5.243e-03       4.2      1.00     yes
    2310.2         5.244e-03       5.6      1.15     yes
    2156.2         5.262e-03       1.2      1.00     yes
    1543.2         5.288e-03       2.3      1.00     yes
     857.2         5.290e-03       3.4      1.00     yes
    1506.8         5.306e-03       1.1      1.00     yes
    2421.0         5.324e-03       4.7      1.12     yes
    2192.8         5.325e-03      12.5      1.00     NO*
    2131.0         5.358e-03       4.9      1.17     yes
    1367.0         5.360e-03       6.5      1.00     NO*
    1115.8         5.409e-03       8.0      1.11     NO*
     313.0         5.423e-03       1.4      1.06     yes
     527.0         5.436e-03       7.0      1.06     NO*
    1813.2         5.437e-03       3.8      1.08     yes
     194.8         5.450e-03       1.0      1.00     yes
    1294.8         5.451e-03       0.9      1.00     yes
    2085.0         5.477e-03      22.4      1.01     NO*
    1919.2         5.507e-03       4.0      1.02     yes
      42.2         5.513e-03       5.8      1.00     yes
     655.2         5.575e-03       2.1      1.00     yes
    2489.2         5.639e-03       2.1      1.09     yes
      27.2         5.653e-03       3.9      1.00     yes
    1660.8         5.667e-03       6.2      1.20     NO*
     242.8         5.689e-03       5.4      1.00     yes
     672.0         5.702e-03      18.8      1.00     NO*
    1140.8         5.709e-03       2.0      1.09     yes
    2174.0         5.713e-03       6.1      1.13     NO*
    2383.2         5.719e-03      16.1      1.01     NO*
     560.8         5.734e-03       2.2      1.07     yes
      63.8         5.738e-03       6.2      1.09     NO*
     135.0         5.743e-03       7.7      1.04     NO*
    1726.0         5.760e-03       3.4      1.09     yes
    2286.0         5.812e-03       9.1      1.09     NO*
      88.8         5.817e-03       5.7      1.04     yes
    2062.0         5.821e-03       3.5      1.04     yes
     633.8         5.829e-03       3.9      1.11     yes
    2467.0         5.842e-03      17.1      1.01     NO*
     491.2         5.877e-03       0.4      1.00     yes
     739.8         5.889e-03       1.4      1.08     yes
    1479.0         5.902e-03       3.4      1.05     yes
    1681.5         5.928e-03       4.9      1.04     yes
    1838.0         5.964e-03       3.3      1.24     yes
     270.0         5.967e-03       4.3      1.02     yes
    2358.2         6.006e-03       1.8      1.03     yes
    1436.0         6.062e-03      15.9      1.14     NO*
     809.2         6.083e-03      20.4      1.06     NO*
    1884.0         6.149e-03       5.5      1.01     yes
    1772.0         6.162e-03       5.4      1.03     yes
    1077.0         6.169e-03       4.2      1.08     yes
     382.0         6.174e-03       1.9      1.00     yes
     892.2         6.191e-03       1.5      1.00     yes
    1707.2         6.212e-03       1.4      1.00     yes
     718.0         6.244e-03       5.9      1.02     yes
     986.5         6.295e-03       4.5      1.03     yes
     830.0         6.352e-03      13.6      1.21     NO*
     761.2         6.401e-03      16.3      1.00     NO*
     206.2         6.524e-03       0.9      1.00     yes
     784.0         6.568e-03       3.4      1.08     yes
     159.8         6.685e-03      16.0      1.23     NO*
    1614.0         6.766e-03       6.4      1.23     NO*
    2441.2         6.825e-03      37.5      1.13     NO*
    1525.0         7.075e-03       8.5      1.56     NO*
    1031.0         7.192e-03      14.4      1.80     NO*
     224.0         7.199e-03      18.7      1.38     NO*
     608.8         7.574e-03       5.1      1.26     yes
     336.0         7.687e-03      11.3      1.61     NO*
    1992.2         7.800e-03       6.7      1.00     NO*
     360.2         7.805e-03      17.2      1.62     NO*
    1637.0         8.011e-03      14.3      2.07     NO*
     919.0         8.132e-03      23.1      1.02     NO*
    2220.0         8.644e-03      14.6      1.92     NO*
    1009.8         1.077e-02       6.3      1.33     NO*
     940.2         1.168e-02      21.5      1.26     NO*
    2332.0         1.409e-02      23.4      3.40     NO*
     691.8         1.750e-02      37.3      1.03     NO*
    1389.2         1.874e-02      29.9      5.82     NO*
     112.0         7.546e-02      27.8     21.36     NO*
     471.0         1.342e-01      28.3     47.92     NO*
    1973.0         3.419e-01      34.4    104.75     NO*
     583.0         7.657e-01      49.1    149.00     NO*
    1166.0         9.378e-01      39.0    230.75     NO*
    1278.0         2.640e+00      57.9    228.89     NO*
    1861.2         2.399e+03      67.9  63597.74     NO*
  consensus floor = 5.513e-03 mV^2/Hz over 57 clean bands  ->  Var(n) = 0.0221 mV^2  (RMS 148.5 uV)
  carrier a = 910.671 mV  ->  SNR = 72.7 dB in the 4 Hz demod band

========================================================================
A2V-16_A3
========================================================================
 center Hz   density mV^2/Hz  worst dB  bw_ratio   clean
    1294.8         4.217e-03       0.6      1.00     yes
    1543.2         4.315e-03       2.2      1.00     yes
    1955.8         4.396e-03       0.4      1.00     yes
    1755.2         4.487e-03       0.4      1.00     yes
    1589.8         4.489e-03       2.6      1.14     yes
    1057.8         4.496e-03      18.8      1.00     NO*
    1743.8         4.517e-03       0.8      1.00     yes
      42.2         4.550e-03       5.1      1.00     yes
    1838.0         4.565e-03       3.9      1.07     yes
     560.8         4.588e-03       1.4      1.00     yes
    1258.2         4.617e-03       0.7      1.03     yes
     313.0         4.618e-03       3.1      1.12     yes
      88.8         4.653e-03       4.9      1.05     yes
     194.8         4.676e-03       0.9      1.00     yes
    1188.8         4.696e-03      12.0      1.03     NO*
    1681.5         4.723e-03       4.7      1.06     yes
    1569.5         4.732e-03       4.0      1.19     yes
    1919.2         4.737e-03       5.9      1.16     yes
     179.5         4.752e-03       4.7      1.13     yes
     206.2         4.771e-03       0.6      1.00     yes
    1813.2         4.790e-03       3.1      1.02     yes
     290.8         4.792e-03       1.3      1.09     yes
    1331.2         4.840e-03       5.5      1.07     yes
     527.0         4.851e-03       8.8      1.14     NO*
    2028.8         4.857e-03      13.3      1.01     NO*
    2240.8         4.874e-03       1.4      1.03     yes
    2131.0         4.899e-03       3.1      1.10     yes
     965.0         4.908e-03       9.6      1.04     NO*
    2489.2         4.912e-03       3.5      1.11     yes
    1944.2         4.943e-03       3.5      1.00     yes
    2286.0         4.954e-03      10.3      1.08     NO*
    1506.8         4.955e-03       1.2      1.00     yes
    1367.0         4.957e-03       5.0      1.01     yes
    1707.2         4.967e-03       1.6      1.00     yes
    1479.0         4.979e-03       3.0      1.01     yes
     633.8         4.983e-03       4.5      1.19     yes
    1306.2         4.987e-03       2.9      1.00     yes
     491.2         5.000e-03       3.1      1.05     yes
     242.8         5.012e-03       4.3      1.00     yes
    2421.0         5.026e-03       6.5      1.05     NO*
    1726.0         5.041e-03       4.4      1.23     yes
    1772.0         5.056e-03       5.8      1.01     yes
    2467.0         5.060e-03      18.0      1.09     NO*
    1413.0         5.071e-03       1.9      1.08     yes
    1660.8         5.096e-03       4.6      1.07     yes
    2264.5         5.100e-03       6.9      1.00     NO*
     270.0         5.102e-03       3.6      1.02     yes
    2174.0         5.110e-03       6.7      1.08     NO*
    2156.2         5.116e-03       1.8      1.00     yes
    2109.8         5.147e-03       7.7      1.00     NO*
    1222.0         5.150e-03       5.3      1.09     yes
    1884.0         5.151e-03       2.3      1.07     yes
    2310.2         5.182e-03       7.8      1.10     NO*
    1140.8         5.187e-03       2.8      1.00     yes
    1458.8         5.210e-03       4.7      1.00     yes
    1436.0         5.237e-03      14.1      1.00     NO*
     874.5         5.267e-03       5.0      1.04     yes
      63.8         5.278e-03       6.9      1.06     NO*
    1094.2         5.286e-03      10.0      1.00     NO*
      27.2         5.310e-03       2.5      1.00     yes
     360.2         5.311e-03      13.8      1.15     NO*
    1115.8         5.320e-03      10.9      1.41     NO*
    1791.8         5.335e-03       2.4      1.19     yes
     672.0         5.397e-03      19.8      1.04     NO*
     382.0         5.423e-03       2.6      1.07     yes
    1077.0         5.424e-03       4.5      1.12     yes
     739.8         5.532e-03       7.9      1.01     NO*
     655.2         5.555e-03       2.5      1.00     yes
     135.0         5.588e-03       8.4      1.02     NO*
    2085.0         5.622e-03      20.9      1.14     NO*
    1614.0         5.623e-03       6.9      1.18     NO*
     892.2         5.690e-03       2.6      1.00     yes
    2358.2         5.705e-03       2.5      1.10     yes
    2220.0         5.734e-03       8.8      1.14     NO*
    1992.2         5.818e-03       7.8      1.00     NO*
    2383.2         5.833e-03      17.0      1.10     NO*
     857.2         5.857e-03       6.8      1.00     NO*
    2192.8         5.879e-03      11.9      1.00     NO*
     159.8         5.905e-03      14.0      1.12     NO*
     761.2         6.003e-03      17.5      1.03     NO*
     986.5         6.055e-03       4.9      1.10     yes
     718.0         6.059e-03       5.7      1.21     yes
    2062.0         6.074e-03       3.2      1.19     yes
     784.0         6.128e-03       3.9      1.23     yes
     224.0         6.397e-03      21.1      1.25     NO*
    1637.0         6.523e-03      20.5      1.66     NO*
    1525.0         6.748e-03      10.0      1.74     NO*
     809.2         6.941e-03      19.9      1.45     NO*
     336.0         7.397e-03      11.4      1.75     NO*
    1031.0         7.641e-03      14.9      2.05     NO*
     830.0         7.695e-03      15.2      1.38     NO*
     919.0         7.856e-03      24.2      1.00     NO*
    2441.2         8.571e-03      44.8      1.05     NO*
     608.8         9.245e-03      10.4      2.64     NO*
    1009.8         1.076e-02       5.2      1.03     yes
     940.2         1.321e-02      21.5      1.46     NO*
    2332.0         1.514e-02      24.2      3.44     NO*
     691.8         1.661e-02      37.3      1.00     NO*
    1389.2         2.314e-02      31.2      8.28     NO*
     471.0         1.155e-01      28.0     37.93     NO*
    1973.0         1.214e-01      30.4     40.50     NO*
    1166.0         1.519e-01      31.2     37.23     NO*
     112.0         1.873e-01      32.4     66.22     NO*
     583.0         1.707e+00      51.8    233.81     NO*
    1278.0         2.424e+00      58.0    199.29     NO*
    1861.2         1.449e+03      66.4  65965.08     NO*
  consensus floor = 4.973e-03 mV^2/Hz over 56 clean bands  ->  Var(n) = 0.0199 mV^2  (RMS 141.0 uV)
  carrier a = 1006.786 mV  ->  SNR = 74.1 dB in the 4 Hz demod band

========================================================================
A2V-16_A4
========================================================================
 center Hz   density mV^2/Hz  worst dB  bw_ratio   clean
    1258.2         1.087e-03       3.9      1.16     yes
    1543.2         1.093e-03       5.9      1.00     yes
    2264.5         1.096e-03      11.2      1.20     NO*
    1755.2         1.111e-03       0.9      1.00     yes
    1813.2         1.158e-03       7.9      1.15     NO*
    1955.8         1.166e-03       0.7      1.00     yes
    1569.5         1.186e-03       7.3      1.10     NO*
    1188.8         1.254e-03      13.4      1.03     NO*
     290.8         1.257e-03       3.2      1.06     yes
    1743.8         1.265e-03       2.7      1.00     yes
    1367.0         1.274e-03      11.9      1.02     NO*
     313.0         1.275e-03       4.6      1.24     yes
    2240.8         1.307e-03       3.8      1.03     yes
    1681.5         1.311e-03      11.0      1.00     NO*
    1919.2         1.316e-03       9.1      1.15     NO*
    1222.0         1.334e-03       9.0      1.11     NO*
     633.8         1.340e-03       7.9      1.06     NO*
      42.2         1.354e-03      10.6      1.00     NO*
     527.0         1.357e-03      11.4      1.34     NO*
    1294.8         1.363e-03       1.1      1.00     yes
    1791.8         1.374e-03       7.5      1.21     NO*
    1115.8         1.377e-03      14.6      1.81     NO*
    1094.2         1.388e-03      11.6      1.00     NO*
     874.5         1.402e-03       9.1      1.28     NO*
    2156.2         1.425e-03       6.3      1.00     NO*
     491.2         1.431e-03       2.6      1.03     yes
     179.5         1.437e-03      10.2      1.08     NO*
    1413.0         1.450e-03       7.9      1.00     NO*
    1057.8         1.480e-03      23.1      1.00     NO*
    1306.2         1.483e-03       1.2      1.00     yes
    1589.8         1.489e-03       5.1      1.05     yes
    1458.8         1.500e-03      11.0      1.13     NO*
    1331.2         1.506e-03      10.1      1.18     NO*
     965.0         1.510e-03      14.2      1.13     NO*
    2131.0         1.513e-03       7.9      1.16     NO*
     194.8         1.530e-03       1.8      1.00     yes
     270.0         1.562e-03       7.0      1.33     NO*
     382.0         1.569e-03       5.6      1.27     yes
    2174.0         1.582e-03      11.4      1.32     NO*
    2109.8         1.595e-03      12.2      1.07     NO*
    1726.0         1.620e-03       7.5      1.43     NO*
     135.0         1.629e-03      12.5      1.36     NO*
    1884.0         1.633e-03      10.6      1.21     NO*
    1506.8         1.634e-03       2.1      1.00     yes
    2028.8         1.635e-03      18.9      1.14     NO*
    1707.2         1.636e-03       3.0      1.00     yes
    2192.8         1.643e-03      15.7      1.00     NO*
    2383.2         1.655e-03      21.4      1.07     NO*
     857.2         1.660e-03       5.5      1.00     yes
    2286.0         1.666e-03      14.6      1.25     NO*
    1660.8         1.669e-03      10.6      1.26     NO*
      27.2         1.691e-03       8.7      1.00     NO*
      88.8         1.704e-03      10.8      1.06     NO*
     672.0         1.706e-03      24.6      1.08     NO*
     206.2         1.717e-03       1.8      1.00     yes
     655.2         1.783e-03       3.9      1.00     yes
      63.8         1.796e-03      11.3      1.05     NO*
    2489.2         1.831e-03       6.7      1.34     NO*
     892.2         1.847e-03       3.8      1.00     yes
     560.8         1.886e-03       6.4      1.89     NO*
    1838.0         1.909e-03       7.1      1.74     NO*
    1479.0         1.913e-03       6.6      1.09     NO*
    1140.8         1.925e-03       5.3      1.34     yes
    2310.2         1.959e-03      11.9      1.35     NO*
    2358.2         1.959e-03       5.2      1.00     yes
    2467.0         1.959e-03      22.1      1.06     NO*
    2421.0         1.970e-03       9.8      1.28     NO*
    1772.0         1.981e-03      10.4      1.15     NO*
    1436.0         2.027e-03      20.8      1.38     NO*
    1944.2         2.037e-03       9.5      1.00     NO*
    2085.0         2.042e-03      24.2      1.36     NO*
     159.8         2.110e-03      21.3      1.69     NO*
    1077.0         2.185e-03       6.6      1.36     NO*
     242.8         2.250e-03       8.2      1.00     NO*
     718.0         2.271e-03       8.9      1.05     NO*
     336.0         2.381e-03      12.5      2.19     NO*
     739.8         2.469e-03       5.8      1.00     yes
    2062.0         2.476e-03       7.5      1.65     NO*
     761.2         2.476e-03      20.5      1.07     NO*
     360.2         2.493e-03      17.1      1.12     NO*
     809.2         2.606e-03      28.7      1.53     NO*
     784.0         2.647e-03       5.9      1.15     yes
     986.5         2.718e-03       8.6      1.24     NO*
    1031.0         2.877e-03      19.8      2.75     NO*
    2220.0         2.988e-03      17.9      2.04     NO*
     224.0         3.187e-03      26.0      1.67     NO*
     830.0         3.277e-03      20.2      1.88     NO*
    1525.0         3.505e-03      14.3      3.12     NO*
    1637.0         3.536e-03      26.2      4.57     NO*
    2441.2         3.704e-03      42.6      1.97     NO*
     608.8         3.789e-03       9.9      2.49     NO*
    1992.2         3.864e-03       9.7      1.00     NO*
    1614.0         4.256e-03      16.4      5.65     NO*
     919.0         6.757e-03      24.8      1.27     NO*
    1009.8         6.836e-03       8.7      1.61     NO*
    1389.2         8.397e-03      32.0      9.61     NO*
     940.2         8.720e-03      22.7      1.48     NO*
    2332.0         9.575e-03      32.6      5.55     NO*
     691.8         9.701e-03      36.9      1.00     NO*
     471.0         1.258e-01      33.6    133.35     NO*
     112.0         1.931e-01      37.0    163.18     NO*
    1973.0         5.058e-01      40.4    268.97     NO*
    1166.0         7.865e-01      42.9    340.86     NO*
     583.0         1.163e+00      53.2    285.49     NO*
    1278.0         2.835e+00      61.0    217.01     NO*
    1861.2         2.224e+03      70.1  68195.68     NO*
  consensus floor = 1.510e-03 mV^2/Hz over 24 clean bands  ->  Var(n) = 0.0060 mV^2  (RMS 77.7 uV)
  carrier a = 938.603 mV  ->  SNR = 78.6 dB in the 4 Hz demod band
