FULL PER-BAND NOISE-FLOOR TABLE
Fs = 5000.00 Hz  carrier = 930.500 Hz  Nyquist = 2500.0 Hz
record = 150000 samples (30.0 s)  Welch NFFT = 8192  bin = 0.610 Hz
candidate carrier-free bands = 106  (guard ±3.0 Hz from every comb line)
'clean' = no bin > band-median + 6.0 dB;  bw_ratio = density spread across halfwidths [2, 5, 10, 20]

========================================================================
A2V-16_A1
========================================================================
 center Hz   density mV^2/Hz  worst dB  bw_ratio   clean
     739.8         3.905e-03       6.0      1.13     yes
    1743.8         3.998e-03       1.2      1.00     yes
    1543.2         4.196e-03       1.8      1.00     yes
    1955.8         4.277e-03       0.9      1.00     yes
    2264.5         4.357e-03       4.9      1.18     yes
    1458.8         4.396e-03       5.3      1.01     yes
    1755.2         4.461e-03       0.8      1.00     yes
     194.8         4.482e-03       1.2      1.00     yes
    2174.0         4.502e-03       7.4      1.11     NO*
     874.5         4.516e-03       4.8      1.06     yes
    1681.5         4.540e-03       6.3      1.06     NO*
    1115.8         4.577e-03      10.4      1.54     NO*
     527.0         4.610e-03       7.3      1.21     NO*
    1413.0         4.673e-03       2.6      1.21     yes
    1258.2         4.674e-03       1.2      1.08     yes
     290.8         4.687e-03       1.2      1.03     yes
    1944.2         4.734e-03       4.4      1.00     yes
    1331.2         4.734e-03       5.2      1.33     yes
    2085.0         4.736e-03      21.2      1.17     NO*
      42.2         4.746e-03       4.8      1.00     yes
    1919.2         4.746e-03       6.6      1.02     NO*
    2358.2         4.808e-03       2.4      1.02     yes
    1367.0         4.821e-03       5.2      1.14     yes
     313.0         4.836e-03       1.9      1.23     yes
     633.8         4.840e-03       3.1      1.03     yes
    1294.8         4.930e-03       0.8      1.00     yes
     857.2         4.972e-03       5.3      1.00     yes
     986.5         5.025e-03       2.2      1.01     yes
    2028.8         5.062e-03      12.4      1.09     NO*
     179.5         5.063e-03       5.9      1.06     yes
     965.0         5.065e-03       9.5      1.11     NO*
      63.8         5.075e-03       6.8      1.03     NO*
     784.0         5.077e-03       3.6      1.00     yes
    1707.2         5.152e-03       1.2      1.00     yes
    1222.0         5.154e-03       3.7      1.10     yes
    1506.8         5.155e-03       0.7      1.00     yes
    1660.8         5.155e-03       6.1      1.14     NO*
    1436.0         5.156e-03      14.2      1.21     NO*
     560.8         5.186e-03       2.0      1.08     yes
     491.2         5.189e-03       3.0      1.01     yes
    1569.5         5.194e-03       3.0      1.10     yes
    1057.8         5.206e-03      22.6      1.00     NO*
    1791.8         5.219e-03       2.5      1.06     yes
    2240.8         5.240e-03       2.3      1.09     yes
     718.0         5.243e-03       5.7      1.02     yes
     135.0         5.285e-03       7.2      1.03     NO*
    2383.2         5.291e-03      16.7      1.02     NO*
    1884.0         5.309e-03       3.6      1.05     yes
    2192.8         5.314e-03       3.8      1.00     yes
    1726.0         5.341e-03       4.3      1.04     yes
     761.2         5.344e-03      16.9      1.06     NO*
    2421.0         5.385e-03       5.1      1.03     yes
     206.2         5.385e-03       1.5      1.00     yes
    1188.8         5.429e-03       9.0      1.00     NO*
      88.8         5.460e-03       6.1      1.00     NO*
    2310.2         5.466e-03       5.6      1.01     yes
     336.0         5.481e-03       5.7      1.11     yes
    2156.2         5.500e-03       1.6      1.00     yes
    1094.2         5.515e-03       8.2      1.00     NO*
    1306.2         5.518e-03       2.3      1.00     yes
    1772.0         5.545e-03       4.9      1.03     yes
    1992.2         5.585e-03       2.5      1.00     yes
    1479.0         5.630e-03       2.4      1.13     yes
    2109.8         5.637e-03       5.9      1.30     yes
    1009.8         5.641e-03       7.3      1.11     NO*
    2131.0         5.691e-03       2.2      1.11     yes
     159.8         5.729e-03      14.9      1.10     NO*
    2286.0         5.750e-03       9.9      1.01     NO*
    1140.8         5.766e-03       1.7      1.15     yes
     270.0         5.804e-03       2.6      1.01     yes
     382.0         5.825e-03       2.3      1.04     yes
    1813.2         5.835e-03       3.0      1.11     yes
    1838.0         5.859e-03       4.1      1.20     yes
    1077.0         5.889e-03       4.0      1.07     yes
     830.0         5.972e-03      14.7      1.24     NO*
    2062.0         6.015e-03       3.6      1.28     yes
     655.2         6.029e-03       1.7      1.00     yes
      27.2         6.213e-03       3.1      1.00     yes
    1589.8         6.247e-03       1.9      1.03     yes
     672.0         6.332e-03      18.1      1.08     NO*
    1637.0         6.394e-03      12.3      1.51     NO*
     809.2         6.528e-03      23.2      1.06     NO*
     360.2         6.581e-03      13.7      1.29     NO*
    1525.0         6.622e-03       8.2      1.59     NO*
    2467.0         6.666e-03      17.2      1.33     NO*
     242.8         6.669e-03       4.6      1.00     yes
     224.0         6.678e-03      17.0      1.20     NO*
    1031.0         6.742e-03      14.2      1.35     NO*
    1614.0         6.788e-03       8.0      1.49     NO*
    2441.2         6.880e-03      43.2      1.21     NO*
    2489.2         6.903e-03       2.5      1.10     yes
     892.2         7.423e-03       2.9      1.00     yes
     919.0         7.501e-03      23.7      1.11     NO*
    2220.0         7.555e-03      13.6      1.35     NO*
     608.8         8.546e-03       8.1      1.50     NO*
     940.2         1.145e-02      21.6      1.21     NO*
     691.8         1.357e-02      33.4      1.00     NO*
    2332.0         1.564e-02      21.2      3.26     NO*
    1389.2         1.593e-02      26.4      3.96     NO*
     471.0         3.841e-02      22.4     13.37     NO*
    1166.0         2.225e-01      32.7     52.46     NO*
     112.0         2.416e-01      33.2     79.86     NO*
    1973.0         2.660e-01      34.2     80.83     NO*
     583.0         1.284e+00      50.5    186.14     NO*
    1278.0         2.180e+00      57.3    185.02     NO*
    1861.2         1.602e+03      65.8  60607.25     NO*
  consensus floor = 5.206e-03 mV^2/Hz over 60 clean bands  ->  Var(n) = 0.0208 mV^2  (RMS 144.3 uV)
  carrier a = 912.741 mV  ->  SNR = 73.0 dB in the 4 Hz demod band

========================================================================
A2V-16_A2
========================================================================
 center Hz   density mV^2/Hz  worst dB  bw_ratio   clean
    1436.0         8.293e-03      10.3      1.17     NO*
    1294.8         8.504e-03       0.8      1.00     yes
    1458.8         8.634e-03       3.6      1.04     yes
    1543.2         8.715e-03       1.4      1.00     yes
    1681.5         8.983e-03       2.6      1.00     yes
    1258.2         9.066e-03       1.5      1.08     yes
    1057.8         9.090e-03      17.5      1.00     NO*
    1813.2         9.205e-03       1.2      1.06     yes
    1660.8         9.318e-03       3.4      1.21     yes
     194.8         9.458e-03       0.6      1.00     yes
    1222.0         9.461e-03       2.2      1.05     yes
     336.0         9.464e-03       2.3      1.09     yes
    1884.0         9.478e-03       1.4      1.00     yes
     206.2         9.511e-03       0.8      1.00     yes
     739.8         9.559e-03       4.7      1.10     yes
     633.8         9.568e-03       2.6      1.14     yes
    2192.8         9.649e-03       0.9      1.00     yes
    2131.0         9.651e-03       2.1      1.59     yes
    1569.5         9.681e-03       2.3      1.03     yes
     718.0         9.710e-03       4.7      1.03     yes
    2358.2         9.728e-03       2.9      1.08     yes
    1506.8         9.752e-03       0.8      1.00     yes
    2156.2         9.762e-03       0.9      1.00     yes
     560.8         9.766e-03       1.2      1.02     yes
    2489.2         9.807e-03       2.5      1.11     yes
    1919.2         9.840e-03       4.1      1.03     yes
    1772.0         9.885e-03       3.1      1.07     yes
    2240.8         9.917e-03       0.8      1.09     yes
    1367.0         9.933e-03       2.6      1.17     yes
    1955.8         9.964e-03       1.4      1.00     yes
    1726.0         9.979e-03       2.5      1.17     yes
    2174.0         9.993e-03       4.4      1.00     yes
    2264.5         9.993e-03       4.8      1.00     yes
    1791.8         1.005e-02       1.5      1.04     yes
    2467.0         1.018e-02      15.5      1.05     NO*
    1140.8         1.023e-02       1.1      1.12     yes
    1755.2         1.024e-02       1.6      1.00     yes
      42.2         1.025e-02       1.4      1.00     yes
    1331.2         1.030e-02       3.4      1.08     yes
    1306.2         1.033e-02       1.3      1.00     yes
     655.2         1.034e-02       1.7      1.00     yes
    1944.2         1.034e-02       1.4      1.00     yes
    1637.0         1.035e-02      10.6      1.03     NO*
    1707.2         1.039e-02       0.8      1.00     yes
      63.8         1.040e-02       5.5      1.10     yes
    2109.8         1.046e-02       7.0      1.22     NO*
    1743.8         1.048e-02       2.1      1.00     yes
      88.8         1.053e-02       3.4      1.09     yes
    1589.8         1.055e-02       1.9      1.15     yes
     527.0         1.055e-02       6.4      1.32     NO*
    2028.8         1.059e-02       9.4      1.13     NO*
     135.0         1.059e-02       4.8      1.00     yes
     761.2         1.063e-02      14.9      1.02     NO*
    1031.0         1.065e-02      12.3      1.01     NO*
     242.8         1.071e-02       2.9      1.00     yes
    1992.2         1.074e-02       1.8      1.00     yes
     892.2         1.075e-02       2.9      1.00     yes
    2310.2         1.078e-02       6.0      1.29     yes
    1077.0         1.090e-02       2.8      1.09     yes
    1115.8         1.093e-02       8.0      1.41     NO*
     874.5         1.096e-02       2.6      1.03     yes
     382.0         1.108e-02       1.6      1.01     yes
     270.0         1.111e-02       2.6      1.00     yes
     179.5         1.113e-02       2.7      1.16     yes
    2286.0         1.113e-02       7.9      1.07     NO*
    1413.0         1.114e-02       1.8      1.07     yes
    1838.0         1.119e-02       1.3      1.08     yes
     290.8         1.119e-02       1.4      1.02     yes
     965.0         1.120e-02       6.9      1.07     NO*
    1614.0         1.120e-02       5.4      1.29     yes
     986.5         1.131e-02       1.4      1.07     yes
    2383.2         1.142e-02      14.1      1.10     NO*
     491.2         1.144e-02       1.3      1.01     yes
    1479.0         1.144e-02       2.6      1.04     yes
     857.2         1.146e-02       3.6      1.00     yes
    1009.8         1.147e-02       4.4      1.05     yes
      27.2         1.154e-02       1.5      1.00     yes
     313.0         1.179e-02       1.6      1.10     yes
    1094.2         1.180e-02       7.5      1.00     NO*
     224.0         1.191e-02       9.5      1.34     NO*
    1188.8         1.194e-02       8.8      1.00     NO*
    2220.0         1.196e-02      10.5      1.14     NO*
    2062.0         1.200e-02       2.3      1.08     yes
    2421.0         1.207e-02       4.1      1.07     yes
     830.0         1.213e-02      12.3      1.02     NO*
    1525.0         1.216e-02       2.6      1.01     yes
    2085.0         1.219e-02      12.1      1.54     NO*
     360.2         1.242e-02      12.1      1.31     NO*
     784.0         1.274e-02       2.4      1.18     yes
     672.0         1.277e-02      16.4      1.01     NO*
     159.8         1.323e-02       9.8      1.12     NO*
     919.0         1.407e-02      21.5      1.00     NO*
     608.8         1.449e-02       7.1      1.29     NO*
     809.2         1.506e-02      20.5      1.40     NO*
     940.2         1.512e-02      21.4      1.16     NO*
    2441.2         1.567e-02      42.2      1.30     NO*
    1389.2         1.861e-02      25.6      2.42     NO*
    2332.0         1.902e-02      22.7      1.47     NO*
     691.8         3.017e-02      37.0      1.01     NO*
     112.0         6.179e-02      23.3      9.03     NO*
    1973.0         9.643e-02      25.8     16.88     NO*
     471.0         1.331e-01      24.7     20.86     NO*
    1166.0         4.128e-01      32.3     53.62     NO*
     583.0         1.499e+00      49.1    139.95     NO*
    1278.0         1.875e+00      54.2    143.61     NO*
    1861.2         1.159e+03      62.8  45690.81     NO*
  consensus floor = 1.025e-02 mV^2/Hz over 69 clean bands  ->  Var(n) = 0.0410 mV^2  (RMS 202.4 uV)
  carrier a = 1007.007 mV  ->  SNR = 70.9 dB in the 4 Hz demod band

========================================================================
A2V-16_A3
========================================================================
 center Hz   density mV^2/Hz  worst dB  bw_ratio   clean
    1543.2         4.744e-03       1.6      1.00     yes
    1726.0         5.105e-03       3.6      1.04     yes
    1479.0         5.200e-03       1.9      1.22     yes
     135.0         5.273e-03       6.9      1.07     NO*
     313.0         5.339e-03       3.7      1.11     yes
    1458.8         5.534e-03       1.8      1.01     yes
    2192.8         5.564e-03       1.9      1.00     yes
    1755.2         5.567e-03       0.5      1.00     yes
    1306.2         5.630e-03       0.6      1.00     yes
     270.0         5.781e-03       2.6      1.02     yes
    1681.5         5.811e-03       1.3      1.03     yes
     290.8         5.838e-03       1.3      1.01     yes
    1258.2         5.848e-03       5.1      1.02     yes
     655.2         5.863e-03       3.5      1.00     yes
      42.2         5.866e-03       1.9      1.00     yes
    2240.8         5.908e-03       1.4      1.07     yes
    1140.8         5.960e-03       1.2      1.00     yes
    1614.0         6.000e-03       4.2      1.04     yes
    1743.8         6.017e-03       1.1      1.00     yes
     382.0         6.083e-03       1.8      1.01     yes
    1813.2         6.107e-03       2.9      1.04     yes
     179.5         6.125e-03       4.5      1.08     yes
    1919.2         6.156e-03       5.5      1.19     yes
    1569.5         6.163e-03       3.8      1.06     yes
     874.5         6.171e-03       4.8      1.12     yes
     739.8         6.173e-03       6.5      1.07     NO*
    2264.5         6.208e-03       7.2      1.07     NO*
    1791.8         6.231e-03       3.4      1.01     yes
    1525.0         6.274e-03       1.3      1.03     yes
    2383.2         6.308e-03      16.7      1.10     NO*
    1222.0         6.328e-03       1.8      1.28     yes
     336.0         6.414e-03       3.0      1.04     yes
    1589.8         6.505e-03       1.3      1.09     yes
    1955.8         6.528e-03       0.7      1.00     yes
      88.8         6.538e-03       3.3      1.01     yes
    1436.0         6.548e-03      10.5      1.05     NO*
     194.8         6.553e-03       1.2      1.00     yes
    1367.0         6.574e-03       2.2      1.12     yes
    1707.2         6.586e-03       1.7      1.00     yes
    1660.8         6.592e-03       1.7      1.19     yes
    1838.0         6.615e-03       1.5      1.10     yes
    1294.8         6.626e-03       1.6      1.00     yes
    2109.8         6.628e-03       8.9      1.22     NO*
    2028.8         6.638e-03       9.4      1.14     NO*
    1413.0         6.681e-03       2.4      1.11     yes
      63.8         6.690e-03       6.7      1.04     NO*
    2156.2         6.708e-03       0.8      1.00     yes
     633.8         6.713e-03       3.7      1.20     yes
    1884.0         6.729e-03       4.0      1.25     yes
    1077.0         6.760e-03       4.5      1.00     yes
    1094.2         6.891e-03      11.8      1.00     NO*
     718.0         6.908e-03       5.2      1.03     yes
     527.0         6.940e-03      10.1      1.12     NO*
    1188.8         6.945e-03      11.9      1.02     NO*
    2358.2         6.977e-03       2.3      1.03     yes
    2489.2         6.988e-03       3.2      1.01     yes
     206.2         6.994e-03       1.1      1.00     yes
     242.8         6.998e-03       1.8      1.00     yes
     965.0         6.999e-03       9.6      1.01     NO*
    2085.0         7.024e-03      16.9      1.17     NO*
    1772.0         7.061e-03       6.4      1.00     NO*
    2174.0         7.068e-03       6.5      1.00     NO*
    1115.8         7.081e-03       8.7      1.51     NO*
     761.2         7.083e-03      17.4      1.00     NO*
    2421.0         7.086e-03       5.7      1.07     yes
    2131.0         7.091e-03       4.3      1.04     yes
     986.5         7.136e-03       1.3      1.11     yes
    1944.2         7.173e-03       2.8      1.00     yes
     784.0         7.193e-03       3.8      1.02     yes
     560.8         7.206e-03       0.9      1.03     yes
    2467.0         7.218e-03      17.4      1.03     NO*
     491.2         7.222e-03       1.1      1.22     yes
    2286.0         7.293e-03       9.2      1.13     NO*
      27.2         7.330e-03       2.5      1.00     yes
     360.2         7.360e-03      12.6      1.08     NO*
    1331.2         7.369e-03       5.8      1.30     yes
    1506.8         7.401e-03       0.6      1.00     yes
     159.8         7.412e-03       9.8      1.13     NO*
    2062.0         7.592e-03       3.0      1.02     yes
    2441.2         7.624e-03      45.0      1.42     NO*
    2310.2         7.743e-03       8.2      1.11     NO*
     224.0         7.764e-03      16.3      1.19     NO*
    2220.0         7.805e-03       9.7      1.22     NO*
     892.2         7.877e-03       3.5      1.00     yes
    1992.2         7.878e-03       1.6      1.00     yes
    1009.8         7.880e-03       6.7      1.11     NO*
    1637.0         7.959e-03      16.1      1.71     NO*
    1057.8         8.071e-03      14.9      1.00     NO*
     830.0         8.286e-03      15.4      1.28     NO*
     672.0         8.297e-03      18.4      1.05     NO*
     809.2         8.378e-03      14.3      1.21     NO*
    1031.0         8.692e-03      15.2      1.32     NO*
     857.2         8.997e-03       6.2      1.00     NO*
     919.0         9.036e-03      23.8      1.05     NO*
    1389.2         1.315e-02      24.8      2.93     NO*
     608.8         1.436e-02      11.2      2.57     NO*
     940.2         1.447e-02      21.9      1.25     NO*
    2332.0         1.887e-02      15.7      3.47     NO*
     691.8         2.756e-02      38.9      1.01     NO*
     471.0         2.984e-02      19.9      7.30     NO*
     112.0         2.166e-01      32.1     55.24     NO*
    1973.0         4.523e-01      35.2    126.60     NO*
    1166.0         1.036e+00      38.4    145.08     NO*
     583.0         1.055e+00      48.0    117.59     NO*
    1278.0         1.188e+00      54.7    142.39     NO*
    1861.2         6.685e+02      62.5  56149.19     NO*
  consensus floor = 6.533e-03 mV^2/Hz over 60 clean bands  ->  Var(n) = 0.0261 mV^2  (RMS 161.7 uV)
  carrier a = 1066.324 mV  ->  SNR = 73.4 dB in the 4 Hz demod band

========================================================================
A2V-16_A4
========================================================================
 center Hz   density mV^2/Hz  worst dB  bw_ratio   clean
    1755.2         1.036e-03       1.1      1.00     yes
    1743.8         1.210e-03       2.7      1.00     yes
    1258.2         1.225e-03       6.5      1.04     NO*
    1681.5         1.254e-03       4.1      1.10     yes
      42.2         1.288e-03       7.4      1.00     NO*
    1294.8         1.318e-03       1.7      1.00     yes
    1413.0         1.326e-03       3.5      1.28     yes
    1543.2         1.334e-03       3.3      1.00     yes
    1726.0         1.335e-03       8.0      1.29     NO*
    1660.8         1.366e-03       8.0      1.10     NO*
      88.8         1.377e-03       8.5      1.08     NO*
    1506.8         1.405e-03       3.7      1.00     yes
    1955.8         1.423e-03       0.6      1.00     yes
     527.0         1.438e-03      14.3      1.31     NO*
    1813.2         1.452e-03       6.2      1.02     NO*
    2028.8         1.482e-03      17.4      1.33     NO*
     194.8         1.487e-03       2.0      1.00     yes
    1838.0         1.488e-03       5.2      1.05     yes
     179.5         1.490e-03       7.2      1.06     NO*
    1569.5         1.503e-03       7.4      1.20     NO*
    1919.2         1.509e-03      10.6      1.08     NO*
    1094.2         1.515e-03      16.5      1.00     NO*
    1458.8         1.521e-03       9.1      1.24     NO*
     270.0         1.521e-03       5.5      1.31     yes
     382.0         1.524e-03       4.6      1.31     yes
    2264.5         1.537e-03      10.9      1.15     NO*
    2240.8         1.541e-03       3.5      1.13     yes
     491.2         1.544e-03       4.8      1.02     yes
     965.0         1.546e-03      14.3      1.09     NO*
    1525.0         1.558e-03       8.2      1.05     NO*
     206.2         1.566e-03       2.7      1.00     yes
     290.8         1.577e-03       4.3      1.20     yes
    1222.0         1.589e-03       7.5      1.06     NO*
    1367.0         1.607e-03       8.5      1.06     NO*
    1589.8         1.636e-03       3.4      1.27     yes
    1791.8         1.644e-03       5.9      1.44     yes
    1331.2         1.646e-03       9.5      1.07     NO*
    2109.8         1.652e-03      13.4      1.18     NO*
    1306.2         1.658e-03       4.8      1.00     yes
    2174.0         1.661e-03      11.6      1.09     NO*
      27.2         1.668e-03       4.6      1.00     yes
     159.8         1.685e-03      18.8      1.14     NO*
     633.8         1.687e-03       7.8      1.05     NO*
    1614.0         1.698e-03       5.4      1.11     yes
    1772.0         1.712e-03      11.4      1.05     NO*
     986.5         1.713e-03       4.4      1.07     yes
     874.5         1.718e-03       8.8      1.27     NO*
     313.0         1.727e-03       5.5      1.24     yes
    2192.8         1.732e-03      13.7      1.00     NO*
    1057.8         1.738e-03      26.0      1.00     NO*
    2310.2         1.744e-03      12.2      1.56     NO*
     560.8         1.772e-03       5.2      1.40     yes
    1944.2         1.798e-03       7.9      1.00     NO*
    2131.0         1.810e-03       6.5      1.19     NO*
    1188.8         1.817e-03      17.0      1.16     NO*
    2489.2         1.827e-03       7.4      1.28     NO*
    1479.0         1.827e-03       6.4      1.02     NO*
    1115.8         1.842e-03      15.0      2.15     NO*
     242.8         1.853e-03       7.7      1.00     NO*
    1436.0         1.867e-03      17.7      1.07     NO*
    1884.0         1.877e-03       3.4      1.22     yes
     135.0         1.880e-03      12.9      1.00     NO*
    2383.2         1.906e-03      21.9      1.09     NO*
    1992.2         1.935e-03       4.7      1.00     yes
     336.0         2.011e-03       9.6      1.50     NO*
    2156.2         2.018e-03       3.8      1.00     yes
     739.8         2.057e-03      12.8      1.00     NO*
    1707.2         2.060e-03       3.7      1.00     yes
      63.8         2.067e-03      11.8      1.29     NO*
    2286.0         2.070e-03      14.5      1.36     NO*
    1009.8         2.092e-03      10.3      1.12     NO*
     761.2         2.141e-03      22.0      1.00     NO*
     360.2         2.195e-03      16.4      1.04     NO*
     224.0         2.356e-03      18.8      1.42     NO*
    2467.0         2.401e-03      21.8      1.00     NO*
    1140.8         2.468e-03       5.1      1.35     yes
    2421.0         2.511e-03       9.5      1.29     NO*
    2085.0         2.601e-03      23.2      1.42     NO*
     892.2         2.646e-03       6.5      1.00     NO*
     784.0         2.719e-03       6.3      1.20     NO*
     718.0         2.787e-03       9.1      1.23     NO*
    2358.2         2.788e-03       3.8      1.32     yes
    2220.0         2.788e-03      16.4      1.86     NO*
     857.2         2.871e-03      10.8      1.00     NO*
    2062.0         2.883e-03       6.1      1.22     NO*
    1077.0         2.982e-03       5.5      1.08     yes
     655.2         3.072e-03       4.3      1.00     yes
    1637.0         3.266e-03      15.8      3.36     NO*
     830.0         3.503e-03      20.6      1.53     NO*
     672.0         3.687e-03      21.6      1.02     NO*
    1031.0         3.915e-03      20.5      3.40     NO*
     809.2         3.937e-03      28.4      2.07     NO*
    2441.2         4.284e-03      48.5      1.22     NO*
     919.0         4.904e-03      26.3      1.00     NO*
     608.8         7.208e-03      14.0      3.49     NO*
     940.2         9.158e-03      23.0      1.63     NO*
    1389.2         9.399e-03      32.5     11.38     NO*
    2332.0         1.211e-02      31.1      5.38     NO*
     691.8         2.059e-02      40.1      1.00     NO*
     112.0         4.636e-02      31.1     51.30     NO*
     471.0         1.033e-01      31.8     77.66     NO*
    1973.0         1.424e-01      35.4     97.10     NO*
    1166.0         5.923e-01      41.4    190.00     NO*
     583.0         1.503e+00      53.1    250.12     NO*
    1278.0         1.846e+00      59.3    185.86     NO*
    1861.2         1.118e+03      67.7  73200.05     NO*
  consensus floor = 1.606e-03 mV^2/Hz over 32 clean bands  ->  Var(n) = 0.0064 mV^2  (RMS 80.2 uV)
  carrier a = 1020.933 mV  ->  SNR = 79.1 dB in the 4 Hz demod band
