FULL PER-BAND NOISE-FLOOR TABLE
Fs = 5000.00 Hz  carrier = 930.500 Hz  Nyquist = 2500.0 Hz
record = 100000 samples (20.0 s)  Welch NFFT = 8192  bin = 0.610 Hz
candidate carrier-free bands = 106  (guard ±3.0 Hz from every comb line)
'clean' = no bin > band-median + 6.0 dB;  bw_ratio = density spread across halfwidths [2, 5, 10, 20]

========================================================================
A2V-16_A1
========================================================================
 center Hz   density mV^2/Hz  worst dB  bw_ratio   clean
    1543.2         3.278e-03       3.2      1.00     yes
    1955.8         3.739e-03       1.6      1.00     yes
    1755.2         3.872e-03       2.2      1.00     yes
    1294.8         3.892e-03       0.7      1.00     yes
    1919.2         3.980e-03       4.2      1.24     yes
    2109.8         4.028e-03       4.9      1.06     yes
    1258.2         4.039e-03       5.2      1.25     yes
     290.8         4.130e-03       2.1      1.04     yes
    2286.0         4.152e-03       9.4      1.07     NO*
    2174.0         4.157e-03       7.0      1.13     NO*
     965.0         4.158e-03       8.0      1.00     NO*
    1094.2         4.283e-03       3.4      1.00     yes
     313.0         4.401e-03       2.5      1.10     yes
     179.5         4.450e-03       7.1      1.16     NO*
     382.0         4.461e-03       3.4      1.12     yes
     633.8         4.461e-03       3.8      1.17     yes
    1884.0         4.463e-03       7.0      1.00     NO*
    1506.8         4.470e-03       1.2      1.00     yes
     874.5         4.495e-03       4.5      1.09     yes
    1569.5         4.505e-03       3.2      1.27     yes
    1057.8         4.535e-03      19.3      1.00     NO*
    1222.0         4.573e-03       5.0      1.26     yes
    1772.0         4.585e-03       6.4      1.28     NO*
    1188.8         4.591e-03       4.5      1.00     yes
    1367.0         4.617e-03       8.2      1.00     NO*
     784.0         4.632e-03       3.6      1.04     yes
    1589.8         4.636e-03       2.8      1.03     yes
    1077.0         4.636e-03       3.8      1.05     yes
    1458.8         4.656e-03       6.9      1.02     NO*
     655.2         4.682e-03       3.2      1.00     yes
     527.0         4.693e-03       4.7      1.13     yes
    1331.2         4.708e-03       4.7      1.31     yes
     206.2         4.736e-03       1.6      1.00     yes
      63.8         4.792e-03       5.3      1.07     yes
     242.8         4.798e-03       7.0      1.00     NO*
      27.2         4.839e-03       1.4      1.00     yes
     892.2         4.875e-03       1.8      1.00     yes
    2358.2         4.877e-03       2.2      1.08     yes
    1115.8         4.904e-03       3.9      1.16     yes
    2264.5         4.913e-03       4.8      1.00     yes
     270.0         4.999e-03       5.3      1.14     yes
    1140.8         5.004e-03       2.5      1.03     yes
    1743.8         5.008e-03       1.7      1.00     yes
    1791.8         5.009e-03       3.2      1.15     yes
    1660.8         5.014e-03       6.4      1.03     NO*
     491.2         5.016e-03       2.2      1.01     yes
    2383.2         5.017e-03      15.8      1.18     NO*
    1479.0         5.019e-03       4.1      1.00     yes
    2421.0         5.022e-03       5.2      1.06     yes
    1726.0         5.028e-03       3.6      1.04     yes
    1944.2         5.126e-03       1.9      1.00     yes
    2131.0         5.175e-03       2.8      1.02     yes
      42.2         5.207e-03       6.1      1.00     NO*
    1681.5         5.235e-03       3.5      1.07     yes
    1707.2         5.259e-03       2.7      1.00     yes
     672.0         5.272e-03      18.2      1.05     NO*
    1838.0         5.287e-03       5.2      1.25     yes
     194.8         5.288e-03       1.2      1.00     yes
    2467.0         5.306e-03      16.7      1.03     NO*
    2156.2         5.335e-03       0.9      1.00     yes
     560.8         5.352e-03       2.5      1.16     yes
     608.8         5.365e-03       4.8      1.25     yes
    1813.2         5.378e-03       3.1      1.25     yes
    2310.2         5.410e-03       4.6      1.01     yes
     135.0         5.412e-03       7.5      1.00     NO*
      88.8         5.448e-03       5.9      1.01     yes
    2240.8         5.464e-03       2.9      1.39     yes
     809.2         5.503e-03      25.3      1.27     NO*
    2489.2         5.511e-03       3.0      1.07     yes
    1525.0         5.514e-03       7.1      1.51     NO*
    1413.0         5.562e-03       4.8      1.06     yes
     857.2         5.630e-03       3.6      1.00     yes
    2028.8         5.644e-03      12.6      1.06     NO*
    1436.0         5.655e-03      16.4      1.11     NO*
     986.5         5.677e-03       5.9      1.14     yes
    1992.2         5.680e-03       4.7      1.00     yes
    2085.0         5.694e-03      20.9      1.12     NO*
    1306.2         5.748e-03       1.9      1.00     yes
     159.8         5.915e-03      16.7      1.24     NO*
     718.0         6.019e-03       4.1      1.02     yes
     739.8         6.077e-03       4.3      1.17     yes
    2192.8         6.085e-03      12.3      1.00     NO*
     761.2         6.125e-03      15.9      1.07     NO*
    2441.2         6.169e-03      43.2      1.32     NO*
    1031.0         6.173e-03      14.2      1.68     NO*
     360.2         6.187e-03      16.8      1.46     NO*
    2062.0         6.321e-03       5.5      1.58     yes
     336.0         6.566e-03       8.7      1.33     NO*
     830.0         6.808e-03      13.4      1.14     NO*
    1614.0         7.081e-03       9.8      1.78     NO*
     919.0         7.113e-03      23.1      1.07     NO*
     224.0         8.009e-03      20.6      1.37     NO*
    1637.0         8.023e-03      17.4      2.60     NO*
    1009.8         8.515e-03       7.3      1.35     NO*
    2220.0         8.605e-03      14.5      2.18     NO*
     940.2         1.052e-02      21.1      1.35     NO*
    1389.2         1.069e-02      26.6      3.38     NO*
    2332.0         1.177e-02      27.4      3.87     NO*
     691.8         1.683e-02      40.0      1.00     NO*
     471.0         6.378e-02      25.4     24.49     NO*
    1973.0         1.091e-01      29.3     30.82     NO*
     112.0         2.139e-01      33.2     82.03     NO*
     583.0         3.109e-01      45.1     92.80     NO*
    1166.0         5.170e-01      37.4    167.44     NO*
    1278.0         2.054e+00      56.8    221.80     NO*
    1861.2         2.726e+03      68.8  59898.71     NO*
  consensus floor = 4.956e-03 mV^2/Hz over 60 clean bands  ->  Var(n) = 0.0198 mV^2  (RMS 140.8 uV)
  carrier a = 831.568 mV  ->  SNR = 72.4 dB in the 4 Hz demod band

========================================================================
A2V-16_A2
========================================================================
 center Hz   density mV^2/Hz  worst dB  bw_ratio   clean
    1755.2         6.424e-03       1.8      1.00     yes
    1707.2         6.803e-03       1.9      1.00     yes
    1306.2         6.983e-03       0.7      1.00     yes
    1543.2         7.015e-03       2.9      1.00     yes
     290.8         7.120e-03       1.8      1.12     yes
    1258.2         7.245e-03       2.9      1.15     yes
    2383.2         7.274e-03      14.5      1.33     NO*
      42.2         7.301e-03       5.2      1.00     yes
     313.0         7.356e-03       2.4      1.08     yes
    1331.2         7.377e-03       3.2      1.02     yes
     179.5         7.439e-03       5.8      1.06     yes
     194.8         7.570e-03       0.8      1.00     yes
     491.2         7.571e-03       2.7      1.00     yes
     527.0         7.693e-03       5.2      1.09     yes
    2264.5         7.741e-03       4.6      1.24     yes
    2109.8         7.847e-03       4.3      1.03     yes
    2156.2         7.926e-03       1.3      1.00     yes
     761.2         7.957e-03      15.3      1.11     NO*
    1813.2         7.979e-03       1.9      1.06     yes
    1955.8         8.101e-03       0.6      1.00     yes
     560.8         8.104e-03       2.8      1.08     yes
    2240.8         8.105e-03       3.5      1.18     yes
     874.5         8.146e-03       2.0      1.03     yes
    1569.5         8.155e-03       1.5      1.02     yes
      88.8         8.165e-03       4.2      1.08     yes
    1294.8         8.280e-03       0.7      1.00     yes
     633.8         8.330e-03       1.7      1.11     yes
     135.0         8.399e-03       6.2      1.10     NO*
    2310.2         8.423e-03       3.9      1.07     yes
    2358.2         8.476e-03       2.5      1.25     yes
     270.0         8.521e-03       3.7      1.00     yes
      27.2         8.561e-03       3.6      1.00     yes
    2028.8         8.579e-03      11.5      1.00     NO*
    2192.8         8.615e-03       6.2      1.00     NO*
     360.2         8.730e-03      12.1      1.03     NO*
    1458.8         8.733e-03       5.8      1.19     yes
    1506.8         8.743e-03       1.2      1.00     yes
    1884.0         8.765e-03       3.2      1.07     yes
    1057.8         8.834e-03      17.7      1.00     NO*
    1992.2         8.903e-03       3.8      1.00     yes
     206.2         8.947e-03       1.4      1.00     yes
    1681.5         8.968e-03       3.4      1.00     yes
    1140.8         9.020e-03       1.8      1.00     yes
    1838.0         9.023e-03       2.5      1.03     yes
     784.0         9.028e-03       3.7      1.09     yes
    1436.0         9.060e-03      13.7      1.08     NO*
     986.5         9.128e-03       5.7      1.10     yes
    1743.8         9.129e-03       1.6      1.00     yes
    1589.8         9.222e-03       3.0      1.01     yes
    1094.2         9.252e-03       3.7      1.00     yes
    1222.0         9.362e-03       3.3      1.10     yes
     718.0         9.462e-03       4.0      1.03     yes
    1413.0         9.503e-03       3.4      1.00     yes
    1479.0         9.535e-03       3.2      1.16     yes
    2131.0         9.542e-03       2.3      1.12     yes
    2421.0         9.559e-03       2.7      1.12     yes
    1772.0         9.562e-03       5.4      1.01     yes
    1919.2         9.605e-03       4.2      1.19     yes
    1614.0         9.634e-03       5.3      1.13     yes
    2174.0         9.663e-03       5.2      1.01     yes
     739.8         9.676e-03       3.6      1.00     yes
    2286.0         9.700e-03       8.9      1.03     NO*
    1115.8         9.701e-03       6.7      1.48     NO*
    1791.8         9.735e-03       3.1      1.10     yes
    1367.0         9.785e-03       5.3      1.25     yes
     224.0         9.898e-03      19.1      1.20     NO*
    2220.0         9.926e-03      12.7      1.21     NO*
     242.8         9.950e-03       4.6      1.00     yes
     159.8         9.990e-03      15.1      1.15     NO*
     655.2         9.991e-03       1.0      1.00     yes
      63.8         1.012e-02       4.6      1.04     yes
     965.0         1.035e-02       5.7      1.17     yes
    1660.8         1.038e-02       3.6      1.16     yes
    1637.0         1.040e-02      15.4      1.28     NO*
    2062.0         1.041e-02       4.0      1.05     yes
     809.2         1.045e-02      19.0      1.30     NO*
    2489.2         1.054e-02       2.7      1.18     yes
     382.0         1.059e-02       2.3      1.04     yes
     336.0         1.059e-02       7.7      1.15     NO*
     892.2         1.066e-02       2.6      1.00     yes
    1188.8         1.069e-02       5.1      1.14     yes
    1031.0         1.073e-02      12.0      1.10     NO*
    1726.0         1.074e-02       2.7      1.31     yes
    1077.0         1.103e-02       2.4      1.10     yes
     672.0         1.128e-02      16.9      1.14     NO*
     608.8         1.129e-02       4.3      1.17     yes
     857.2         1.144e-02       2.0      1.00     yes
    1525.0         1.150e-02       8.9      1.23     NO*
    2441.2         1.153e-02      35.9      1.35     NO*
    2467.0         1.174e-02      14.9      1.06     NO*
     830.0         1.190e-02      12.2      1.60     NO*
    2085.0         1.196e-02      19.0      1.34     NO*
    1944.2         1.237e-02       2.1      1.00     yes
     919.0         1.519e-02      21.1      1.06     NO*
    1009.8         1.567e-02       4.1      1.60     yes
    2332.0         1.716e-02      24.0      1.89     NO*
     940.2         1.771e-02      20.1      1.22     NO*
    1389.2         1.948e-02      26.4      2.75     NO*
     691.8         2.226e-02      34.5      1.00     NO*
     112.0         1.381e-01      27.3     21.89     NO*
     471.0         1.510e-01      26.3     28.69     NO*
    1973.0         4.354e-01      33.5     78.68     NO*
    1166.0         9.094e-01      36.4    120.96     NO*
     583.0         9.859e-01      47.9    118.88     NO*
    1278.0         2.874e+00      57.1    182.84     NO*
    1861.2         2.404e+03      65.8  59380.22     NO*
  consensus floor = 9.020e-03 mV^2/Hz over 71 clean bands  ->  Var(n) = 0.0361 mV^2  (RMS 190.0 uV)
  carrier a = 957.533 mV  ->  SNR = 71.0 dB in the 4 Hz demod band

========================================================================
A2V-16_A3
========================================================================
 center Hz   density mV^2/Hz  worst dB  bw_ratio   clean
    1094.2         4.962e-03       8.7      1.00     NO*
    1955.8         5.188e-03       1.4      1.00     yes
     633.8         5.575e-03       2.9      1.22     yes
    1222.0         5.801e-03       4.8      1.14     yes
    1306.2         5.968e-03       3.1      1.00     yes
    1589.8         6.044e-03       2.9      1.07     yes
    2192.8         6.064e-03       7.3      1.00     NO*
    2156.2         6.298e-03       1.4      1.00     yes
    2131.0         6.340e-03       2.9      1.16     yes
    1331.2         6.392e-03       5.8      1.16     yes
     491.2         6.395e-03       2.8      1.02     yes
    1258.2         6.408e-03       1.0      1.02     yes
    2467.0         6.432e-03      16.9      1.33     NO*
    1755.2         6.479e-03       1.3      1.00     yes
    1838.0         6.491e-03       3.3      1.02     yes
    1294.8         6.541e-03       1.0      1.00     yes
    2489.2         6.550e-03       3.0      1.11     yes
     655.2         6.611e-03       2.0      1.00     yes
    2028.8         6.618e-03      12.1      1.21     NO*
     527.0         6.666e-03       7.9      1.27     NO*
     313.0         6.668e-03       3.4      1.07     yes
     672.0         6.723e-03      18.5      1.38     NO*
    1743.8         6.804e-03       1.2      1.00     yes
    1140.8         6.849e-03       1.1      1.13     yes
    1919.2         6.941e-03       4.4      1.14     yes
    2240.8         6.951e-03       2.3      1.08     yes
    1681.5         6.964e-03       2.8      1.03     yes
    1188.8         6.966e-03      10.7      1.34     NO*
     382.0         6.987e-03       2.3      1.30     yes
    1413.0         6.993e-03       2.5      1.10     yes
    1543.2         6.997e-03       2.3      1.00     yes
    1884.0         7.038e-03       1.5      1.08     yes
     135.0         7.045e-03       7.6      1.10     NO*
     892.2         7.159e-03       1.9      1.00     yes
      27.2         7.185e-03       3.5      1.00     yes
     560.8         7.209e-03       1.8      1.12     yes
     965.0         7.250e-03       8.8      1.00     NO*
     179.5         7.256e-03       3.4      1.02     yes
    1569.5         7.272e-03       4.0      1.05     yes
    1707.2         7.304e-03       1.5      1.00     yes
     761.2         7.341e-03      17.3      1.04     NO*
    2358.2         7.363e-03       3.4      1.07     yes
      63.8         7.366e-03       6.9      1.00     NO*
     159.8         7.369e-03      12.6      1.11     NO*
    2383.2         7.393e-03      16.5      1.24     NO*
    1115.8         7.413e-03      10.7      1.34     NO*
    2310.2         7.431e-03       6.1      1.03     NO*
    1458.8         7.448e-03       4.7      1.17     yes
    1436.0         7.453e-03      11.7      1.02     NO*
     270.0         7.489e-03       2.9      1.06     yes
    2174.0         7.507e-03       5.3      1.05     yes
    1479.0         7.601e-03       3.4      1.20     yes
    2264.5         7.635e-03       5.3      1.00     yes
     290.8         7.674e-03       1.2      1.04     yes
    1791.8         7.718e-03       2.7      1.28     yes
    1031.0         7.747e-03      14.1      1.08     NO*
     874.5         7.748e-03       4.4      1.01     yes
    2109.8         7.772e-03       7.0      1.03     NO*
      42.2         7.779e-03       1.7      1.00     yes
     206.2         7.814e-03       1.1      1.00     yes
    1077.0         7.849e-03       3.5      1.02     yes
    1367.0         7.870e-03       5.0      1.01     yes
      88.8         7.882e-03       3.9      1.16     yes
    1772.0         7.889e-03       4.5      1.01     yes
    1726.0         7.902e-03       2.8      1.07     yes
     784.0         7.914e-03       4.5      1.02     yes
     739.8         7.918e-03       6.9      1.12     NO*
    1813.2         8.055e-03       2.2      1.12     yes
     360.2         8.121e-03      15.0      1.07     NO*
     242.8         8.199e-03       3.2      1.00     yes
    1057.8         8.220e-03      16.3      1.00     NO*
     718.0         8.331e-03       4.5      1.01     yes
    2286.0         8.342e-03       8.6      1.03     NO*
    1637.0         8.399e-03      18.3      1.17     NO*
     986.5         8.457e-03       3.1      1.26     yes
    1944.2         8.499e-03       2.0      1.00     yes
     194.8         8.549e-03       0.8      1.00     yes
    2085.0         8.643e-03      15.8      1.00     NO*
    2421.0         8.660e-03       5.4      1.31     yes
    1660.8         8.689e-03       4.0      1.04     yes
     224.0         9.000e-03      17.0      1.09     NO*
    2220.0         9.018e-03      10.9      1.22     NO*
     830.0         9.135e-03      14.6      1.24     NO*
     336.0         9.192e-03       8.4      1.38     NO*
     809.2         9.304e-03      20.5      1.18     NO*
    1506.8         9.539e-03       1.7      1.00     yes
     857.2         9.718e-03       5.6      1.00     yes
     919.0         9.730e-03      23.7      1.03     NO*
    1992.2         9.835e-03       4.4      1.00     yes
    2062.0         9.971e-03       2.5      1.06     yes
    2441.2         1.024e-02      44.8      1.11     NO*
    1525.0         1.025e-02       9.0      1.36     NO*
    1614.0         1.056e-02       8.5      1.41     NO*
    1009.8         1.131e-02       5.3      1.05     yes
     608.8         1.214e-02       7.8      1.57     NO*
     940.2         1.594e-02      21.4      1.29     NO*
    2332.0         1.950e-02      24.2      2.98     NO*
     691.8         2.546e-02      36.9      1.00     NO*
    1389.2         2.821e-02      29.6      6.38     NO*
    1973.0         7.934e-02      27.0     16.53     NO*
     112.0         1.353e-01      28.9     29.85     NO*
     471.0         1.516e-01      27.5     37.21     NO*
    1166.0         2.652e-01      32.4     59.07     NO*
     583.0         1.797e+00      49.9    147.71     NO*
    1278.0         2.463e+00      57.4    188.08     NO*
    1861.2         1.412e+03      64.7  50700.27     NO*
  consensus floor = 7.304e-03 mV^2/Hz over 61 clean bands  ->  Var(n) = 0.0292 mV^2  (RMS 170.9 uV)
  carrier a = 1053.378 mV  ->  SNR = 72.8 dB in the 4 Hz demod band

========================================================================
A2V-16_A4
========================================================================
 center Hz   density mV^2/Hz  worst dB  bw_ratio   clean
    1755.2         1.368e-03       1.8      1.00     yes
    1543.2         1.462e-03       4.6      1.00     yes
    1258.2         1.568e-03       3.1      1.43     yes
    1955.8         1.604e-03       0.7      1.00     yes
    1919.2         1.612e-03       9.4      1.14     NO*
    1057.8         1.625e-03      24.2      1.00     NO*
    1681.5         1.687e-03      10.2      1.02     NO*
    1331.2         1.696e-03       8.7      1.16     NO*
     290.8         1.736e-03       2.7      1.04     yes
    2240.8         1.736e-03       3.6      1.03     yes
    1367.0         1.787e-03       9.9      1.12     NO*
     270.0         1.789e-03       6.5      1.14     NO*
     857.2         1.821e-03       6.8      1.00     NO*
    1413.0         1.829e-03       8.3      1.21     NO*
     633.8         1.832e-03       7.4      1.06     NO*
    2156.2         1.832e-03       5.9      1.00     yes
    1813.2         1.849e-03       6.8      1.11     NO*
    1743.8         1.855e-03       1.4      1.00     yes
      42.2         1.866e-03       7.8      1.00     NO*
     965.0         1.881e-03      13.9      1.10     NO*
    1222.0         1.901e-03       8.1      1.14     NO*
    1094.2         1.951e-03      11.2      1.00     NO*
    1294.8         2.013e-03       1.9      1.00     yes
    1569.5         2.013e-03       7.2      1.38     NO*
     527.0         2.013e-03      10.2      1.04     NO*
    2028.8         2.014e-03      17.5      1.06     NO*
    2174.0         2.019e-03      10.1      1.16     NO*
    2264.5         2.027e-03      10.0      1.33     NO*
     313.0         2.035e-03       3.5      1.03     yes
    2286.0         2.066e-03      13.9      1.06     NO*
    2489.2         2.082e-03       6.7      1.75     NO*
    2192.8         2.086e-03      16.8      1.00     NO*
     179.5         2.101e-03       9.3      1.08     NO*
    1726.0         2.142e-03       8.0      1.15     NO*
    1306.2         2.164e-03       3.4      1.00     yes
      88.8         2.174e-03      10.0      1.01     NO*
    2310.2         2.194e-03       8.7      1.47     NO*
    1115.8         2.197e-03      13.5      1.49     NO*
    1458.8         2.201e-03       9.5      1.05     NO*
     491.2         2.209e-03       2.4      1.10     yes
     874.5         2.230e-03       7.3      1.00     NO*
    1589.8         2.239e-03       5.6      1.02     yes
     135.0         2.263e-03      11.7      1.00     NO*
     194.8         2.319e-03       0.4      1.00     yes
     560.8         2.338e-03       6.5      1.38     NO*
    1660.8         2.347e-03       9.5      1.45     NO*
      63.8         2.371e-03      10.6      1.08     NO*
      27.2         2.392e-03       7.6      1.00     NO*
    2109.8         2.401e-03      13.4      1.20     NO*
    2383.2         2.417e-03      20.5      1.14     NO*
     761.2         2.442e-03      21.0      1.00     NO*
    1791.8         2.476e-03       4.9      1.13     yes
    1188.8         2.496e-03      12.5      1.12     NO*
    2131.0         2.498e-03       5.7      1.28     yes
    2467.0         2.502e-03      21.2      1.00     NO*
    1884.0         2.529e-03       8.0      1.39     NO*
    1944.2         2.562e-03       7.7      1.00     NO*
    1506.8         2.562e-03       1.3      1.00     yes
    2085.0         2.566e-03      21.1      1.43     NO*
    1772.0         2.574e-03      10.3      1.04     NO*
     382.0         2.619e-03       3.4      1.13     yes
    2358.2         2.630e-03       4.2      1.04     yes
    1838.0         2.666e-03       6.6      1.62     NO*
    1140.8         2.691e-03       3.6      1.29     yes
     655.2         2.701e-03       1.8      1.00     yes
     672.0         2.703e-03      23.6      1.01     NO*
    1707.2         2.720e-03       2.3      1.00     yes
     206.2         2.726e-03       2.0      1.00     yes
     986.5         2.742e-03       7.3      1.15     NO*
    2421.0         2.754e-03       9.1      1.28     NO*
     242.8         2.787e-03       8.4      1.00     NO*
     739.8         2.886e-03       6.9      1.01     NO*
    1436.0         2.888e-03      18.7      1.06     NO*
     159.8         2.976e-03      20.1      1.92     NO*
    1614.0         3.009e-03       9.8      2.04     NO*
    1077.0         3.028e-03       7.1      1.36     NO*
     892.2         3.167e-03       4.1      1.00     yes
     784.0         3.184e-03       6.2      1.11     NO*
    2220.0         3.207e-03      15.3      1.54     NO*
    1479.0         3.246e-03       5.2      1.46     yes
     809.2         3.292e-03      28.9      1.29     NO*
     224.0         3.395e-03      21.3      1.65     NO*
    1525.0         3.550e-03      11.3      1.89     NO*
     718.0         3.724e-03       8.0      1.17     NO*
     830.0         3.917e-03      18.6      1.93     NO*
     336.0         3.920e-03      14.6      2.97     NO*
    2062.0         3.929e-03       6.0      1.57     yes
     360.2         4.402e-03      19.5      2.12     NO*
    2441.2         4.570e-03      43.4      1.94     NO*
    1637.0         4.607e-03      23.3      2.69     NO*
    1992.2         4.616e-03       9.0      1.00     NO*
     919.0         4.817e-03      26.1      1.00     NO*
     608.8         4.953e-03       9.6      2.14     NO*
    1031.0         5.402e-03      19.4      4.14     NO*
    1389.2         6.259e-03      29.1      4.27     NO*
    1009.8         7.528e-03       6.5      1.53     NO*
    2332.0         8.649e-03      30.4      3.77     NO*
     691.8         9.221e-03      34.6      1.04     NO*
     940.2         1.002e-02      22.5      1.43     NO*
     471.0         8.277e-02      30.6     79.33     NO*
     112.0         2.871e-01      37.6    188.58     NO*
    1973.0         5.177e-01      40.5    243.13     NO*
    1166.0         6.194e-01      40.8    256.79     NO*
     583.0         1.408e+00      53.5    257.61     NO*
    1278.0         2.995e+00      60.9    231.25     NO*
    1861.2         2.201e+03      68.6  67798.09     NO*
  consensus floor = 2.279e-03 mV^2/Hz over 26 clean bands  ->  Var(n) = 0.0091 mV^2  (RMS 95.5 uV)
  carrier a = 986.104 mV  ->  SNR = 77.3 dB in the 4 Hz demod band
