FULL PER-BAND NOISE-FLOOR TABLE
Fs = 5000.00 Hz  carrier = 930.500 Hz  Nyquist = 2500.0 Hz
record = 300000 samples (60.0 s)  Welch NFFT = 8192  bin = 0.610 Hz
candidate carrier-free bands = 106  (guard ±3.0 Hz from every comb line)
'clean' = no bin > band-median + 6.0 dB;  bw_ratio = density spread across halfwidths [2, 5, 10, 20]

========================================================================
A2V-16_A1
========================================================================
 center Hz   density mV^2/Hz  worst dB  bw_ratio   clean
    1755.2         4.178e-03       1.4      1.00     yes
    1306.2         4.351e-03       2.8      1.00     yes
    2192.8         4.400e-03       4.2      1.00     yes
    1955.8         4.425e-03       0.8      1.00     yes
    1506.8         4.511e-03       1.3      1.00     yes
     290.8         4.658e-03       0.5      1.03     yes
    1294.8         4.727e-03       0.6      1.00     yes
    1743.8         4.817e-03       0.9      1.00     yes
    1458.8         4.820e-03       5.0      1.23     yes
    2264.5         4.874e-03       5.9      1.07     yes
     874.5         4.915e-03       5.0      1.00     yes
     965.0         4.926e-03       9.1      1.13     NO*
    1944.2         4.939e-03       3.2      1.00     yes
    1884.0         4.979e-03       3.3      1.01     yes
    2028.8         5.032e-03      12.8      1.07     NO*
    1569.5         5.035e-03       3.7      1.05     yes
     313.0         5.067e-03       1.8      1.03     yes
    1188.8         5.067e-03       9.0      1.01     NO*
    1258.2         5.076e-03       1.1      1.02     yes
     179.5         5.110e-03       4.5      1.04     yes
     194.8         5.123e-03       0.3      1.00     yes
     527.0         5.145e-03       8.1      1.02     NO*
    1813.2         5.147e-03       3.1      1.07     yes
     242.8         5.151e-03       5.5      1.00     yes
    1791.8         5.167e-03       1.7      1.10     yes
     633.8         5.174e-03       3.0      1.04     yes
    1589.8         5.206e-03       2.7      1.07     yes
    1009.8         5.207e-03       6.0      1.08     yes
    1919.2         5.234e-03       6.1      1.20     NO*
    1222.0         5.241e-03       3.6      1.04     yes
    1115.8         5.260e-03       9.3      1.38     NO*
    2240.8         5.268e-03       1.3      1.02     yes
    1772.0         5.281e-03       6.7      1.06     NO*
    1436.0         5.281e-03      14.4      1.02     NO*
    2286.0         5.290e-03       9.7      1.11     NO*
    1057.8         5.291e-03      23.1      1.00     NO*
    1331.2         5.348e-03       4.1      1.08     yes
      88.8         5.365e-03       5.2      1.03     yes
    2156.2         5.375e-03       2.4      1.00     yes
     159.8         5.418e-03      14.7      1.12     NO*
     739.8         5.420e-03       5.6      1.00     yes
    1367.0         5.431e-03       5.2      1.03     yes
    2109.8         5.447e-03       5.4      1.03     yes
    2174.0         5.468e-03       7.1      1.05     NO*
      27.2         5.501e-03       4.0      1.00     yes
    2131.0         5.505e-03       2.3      1.03     yes
    2383.2         5.506e-03      16.2      1.23     NO*
    2085.0         5.514e-03      21.1      1.03     NO*
    1413.0         5.518e-03       2.5      1.03     yes
    2489.2         5.521e-03       3.2      1.35     yes
    1543.2         5.537e-03       1.4      1.00     yes
     761.2         5.538e-03      17.0      1.03     NO*
     135.0         5.560e-03       7.4      1.08     NO*
    1838.0         5.569e-03       2.9      1.31     yes
    2310.2         5.581e-03       5.3      1.10     yes
    1707.2         5.589e-03       2.4      1.00     yes
     491.2         5.595e-03       0.6      1.03     yes
    1681.5         5.602e-03       5.3      1.09     yes
     560.8         5.604e-03       2.2      1.10     yes
    1479.0         5.613e-03       2.1      1.03     yes
     986.5         5.654e-03       1.9      1.17     yes
    1140.8         5.655e-03       1.8      1.02     yes
     382.0         5.656e-03       1.4      1.01     yes
     270.0         5.702e-03       3.7      1.01     yes
    1726.0         5.729e-03       3.1      1.00     yes
     655.2         5.734e-03       2.6      1.00     yes
    2421.0         5.742e-03       5.4      1.08     yes
      42.2         5.773e-03       4.3      1.00     yes
      63.8         5.775e-03       6.4      1.06     NO*
    1077.0         5.784e-03       3.7      1.11     yes
    1094.2         5.788e-03       7.8      1.00     NO*
    2358.2         5.823e-03       2.5      1.02     yes
    2062.0         5.836e-03       4.4      1.01     yes
     336.0         5.878e-03       5.5      1.26     yes
    1031.0         5.892e-03      14.6      1.22     NO*
    1992.2         5.943e-03       1.9      1.00     yes
    1660.8         5.954e-03       4.9      1.16     yes
     857.2         6.005e-03       4.7      1.00     yes
     672.0         6.098e-03      18.5      1.00     NO*
     206.2         6.199e-03       0.3      1.00     yes
    2467.0         6.244e-03      16.9      1.04     NO*
     784.0         6.342e-03       3.0      1.14     yes
     809.2         6.400e-03      22.9      1.35     NO*
    2441.2         6.550e-03      43.2      1.14     NO*
     718.0         6.570e-03       4.9      1.02     yes
     224.0         6.581e-03      17.3      1.48     NO*
    1614.0         6.586e-03       7.7      1.55     NO*
     892.2         6.601e-03       2.7      1.00     yes
     360.2         6.859e-03      13.5      1.23     NO*
    1525.0         7.005e-03       8.1      1.41     NO*
     830.0         7.049e-03      14.7      1.24     NO*
    1637.0         7.413e-03      11.3      1.63     NO*
    2220.0         7.485e-03      13.1      1.61     NO*
     608.8         7.910e-03       8.2      2.01     NO*
     919.0         8.524e-03      23.1      1.06     NO*
     940.2         1.182e-02      21.2      1.48     NO*
     691.8         1.288e-02      33.6      1.00     NO*
    2332.0         1.417e-02      22.0      3.36     NO*
    1389.2         1.422e-02      27.2      3.93     NO*
     471.0         3.687e-02      22.3     10.79     NO*
    1166.0         2.228e-01      32.8     56.89     NO*
     112.0         2.428e-01      33.4     85.89     NO*
    1973.0         2.639e-01      33.3     80.45     NO*
     583.0         1.277e+00      50.7    213.12     NO*
    1278.0         2.197e+00      57.9    193.05     NO*
    1861.2         1.599e+03      66.5  62466.94     NO*
  consensus floor = 5.447e-03 mV^2/Hz over 63 clean bands  ->  Var(n) = 0.0218 mV^2  (RMS 147.6 uV)
  carrier a = 912.583 mV  ->  SNR = 72.8 dB in the 4 Hz demod band

========================================================================
A2V-16_A2
========================================================================
 center Hz   density mV^2/Hz  worst dB  bw_ratio   clean
    1294.8         9.052e-03       0.4      1.00     yes
    1681.5         9.245e-03       1.8      1.05     yes
      88.8         9.416e-03       2.3      1.05     yes
    2109.8         9.625e-03       5.8      1.03     yes
     206.2         9.627e-03       0.7      1.00     yes
    1884.0         9.628e-03       1.7      1.01     yes
    1458.8         9.707e-03       3.0      1.03     yes
    1222.0         9.715e-03       2.2      1.03     yes
    1506.8         9.759e-03       0.9      1.00     yes
     290.8         9.820e-03       0.9      1.05     yes
    1726.0         9.820e-03       2.3      1.02     yes
    1367.0         9.890e-03       2.1      1.02     yes
    1743.8         9.893e-03       1.1      1.00     yes
    1755.2         9.943e-03       0.3      1.00     yes
     313.0         1.008e-02       1.7      1.08     yes
    1331.2         1.013e-02       3.5      1.06     yes
    2264.5         1.015e-02       4.8      1.06     yes
     560.8         1.019e-02       1.9      1.03     yes
    1660.8         1.022e-02       1.8      1.00     yes
      42.2         1.024e-02       2.3      1.00     yes
    1057.8         1.026e-02      17.1      1.00     NO*
     179.5         1.030e-02       2.7      1.09     yes
    1543.2         1.032e-02       0.8      1.00     yes
    1813.2         1.038e-02       1.4      1.02     yes
     986.5         1.038e-02       1.9      1.05     yes
    1707.2         1.043e-02       0.9      1.00     yes
    1413.0         1.046e-02       1.3      1.05     yes
     633.8         1.049e-02       2.3      1.11     yes
    1258.2         1.052e-02       1.1      1.04     yes
    1569.5         1.058e-02       2.9      1.01     yes
      27.2         1.064e-02       1.5      1.00     yes
     382.0         1.065e-02       1.2      1.05     yes
    1077.0         1.067e-02       3.2      1.05     yes
     892.2         1.068e-02       1.1      1.00     yes
    1306.2         1.072e-02       0.7      1.00     yes
     965.0         1.073e-02       7.1      1.18     NO*
     491.2         1.074e-02       0.8      1.05     yes
    2156.2         1.079e-02       1.7      1.00     yes
    2489.2         1.082e-02       2.2      1.00     yes
     527.0         1.084e-02       6.3      1.12     NO*
    2085.0         1.084e-02      12.4      1.01     NO*
    1589.8         1.086e-02       0.8      1.05     yes
    2310.2         1.096e-02       5.5      1.01     yes
    1955.8         1.096e-02       0.9      1.00     yes
    1919.2         1.098e-02       2.7      1.07     yes
    2062.0         1.103e-02       2.6      1.07     yes
    1140.8         1.108e-02       1.2      1.00     yes
    1614.0         1.111e-02       3.3      1.04     yes
     739.8         1.112e-02       5.8      1.00     yes
    1479.0         1.114e-02       1.3      1.00     yes
    1525.0         1.116e-02       2.5      1.14     yes
     857.2         1.122e-02       4.5      1.00     yes
     784.0         1.127e-02       2.7      1.04     yes
    1637.0         1.129e-02      10.6      1.12     NO*
     655.2         1.132e-02       1.0      1.00     yes
    1944.2         1.133e-02       2.2      1.00     yes
    2286.0         1.134e-02       7.1      1.12     NO*
    2028.8         1.137e-02       9.2      1.04     NO*
    2192.8         1.141e-02       2.6      1.00     yes
     270.0         1.142e-02       0.8      1.03     yes
     672.0         1.149e-02      16.7      1.00     NO*
    1188.8         1.153e-02       9.0      1.05     NO*
    1115.8         1.155e-02       6.4      1.19     NO*
      63.8         1.163e-02       4.5      1.01     yes
    1791.8         1.163e-02       0.8      1.05     yes
    2421.0         1.165e-02       3.1      1.02     yes
     194.8         1.167e-02       0.8      1.00     yes
    1436.0         1.168e-02       9.5      1.03     NO*
     336.0         1.172e-02       1.9      1.11     yes
     135.0         1.173e-02       5.6      1.00     yes
    2383.2         1.175e-02      14.0      1.07     NO*
    2174.0         1.175e-02       4.4      1.00     yes
     360.2         1.180e-02      11.7      1.16     NO*
    1094.2         1.182e-02       7.6      1.00     NO*
    1772.0         1.183e-02       4.4      1.09     yes
     242.8         1.184e-02       2.2      1.00     yes
    2131.0         1.189e-02       2.4      1.26     yes
    1838.0         1.191e-02       1.5      1.14     yes
    2240.8         1.192e-02       1.4      1.01     yes
     761.2         1.192e-02      14.9      1.03     NO*
     874.5         1.194e-02       1.8      1.06     yes
     159.8         1.204e-02      10.8      1.17     NO*
    2358.2         1.205e-02       0.9      1.03     yes
     718.0         1.220e-02       4.6      1.08     yes
     224.0         1.229e-02       8.7      1.07     NO*
    1009.8         1.231e-02       4.6      1.08     yes
     809.2         1.235e-02      20.6      1.04     NO*
    1992.2         1.274e-02       1.2      1.00     yes
    2467.0         1.279e-02      14.6      1.02     NO*
    1031.0         1.290e-02      12.5      1.22     NO*
    2220.0         1.301e-02      10.1      1.34     NO*
     830.0         1.333e-02      12.2      1.06     NO*
     919.0         1.348e-02      21.9      1.03     NO*
    2441.2         1.575e-02      42.3      1.00     NO*
     608.8         1.609e-02       8.0      1.71     NO*
    2332.0         1.977e-02      23.5      2.09     NO*
     940.2         1.985e-02      20.2      1.18     NO*
    1389.2         2.366e-02      25.8      3.62     NO*
     691.8         2.897e-02      36.8      1.00     NO*
     112.0         5.943e-02      23.4     10.13     NO*
    1973.0         9.751e-02      25.7     15.72     NO*
     471.0         1.286e-01      25.0     21.31     NO*
    1166.0         4.058e-01      32.4     53.09     NO*
     583.0         1.482e+00      48.6    123.63     NO*
    1278.0         1.908e+00      54.3    128.82     NO*
    1861.2         1.157e+03      62.5  53868.79     NO*
  consensus floor = 1.076e-02 mV^2/Hz over 70 clean bands  ->  Var(n) = 0.0431 mV^2  (RMS 207.5 uV)
  carrier a = 1006.843 mV  ->  SNR = 70.7 dB in the 4 Hz demod band

========================================================================
A2V-16_A3
========================================================================
 center Hz   density mV^2/Hz  worst dB  bw_ratio   clean
    1222.0         5.897e-03       2.4      1.02     yes
    2264.5         5.934e-03       5.7      1.07     yes
    1294.8         6.063e-03       0.8      1.00     yes
    1955.8         6.066e-03       1.0      1.00     yes
    1436.0         6.071e-03      10.0      1.02     NO*
    1838.0         6.121e-03       2.2      1.00     yes
    2358.2         6.132e-03       2.3      1.12     yes
     336.0         6.141e-03       4.3      1.04     yes
    1944.2         6.156e-03       1.3      1.00     yes
     965.0         6.177e-03       9.2      1.19     NO*
    1413.0         6.197e-03       2.3      1.17     yes
     313.0         6.246e-03       3.4      1.23     yes
    1458.8         6.278e-03       2.6      1.00     yes
     194.8         6.311e-03       1.0      1.00     yes
      42.2         6.319e-03       2.6      1.00     yes
    1306.2         6.336e-03       0.7      1.00     yes
    2240.8         6.343e-03       1.2      1.05     yes
    1543.2         6.345e-03       0.7      1.00     yes
    2028.8         6.399e-03       8.7      1.03     NO*
    1791.8         6.421e-03       2.4      1.01     yes
    1813.2         6.464e-03       2.2      1.09     yes
    2192.8         6.480e-03       2.3      1.00     yes
     527.0         6.489e-03       9.5      1.07     NO*
    1755.2         6.537e-03       0.3      1.00     yes
     633.8         6.543e-03       2.8      1.03     yes
    1115.8         6.576e-03       8.0      1.60     NO*
    1331.2         6.586e-03       4.7      1.04     yes
    1188.8         6.597e-03      12.2      1.03     NO*
     986.5         6.600e-03       1.7      1.01     yes
    1525.0         6.616e-03       2.2      1.03     yes
     135.0         6.642e-03       6.8      1.10     NO*
    1660.8         6.651e-03       1.4      1.00     yes
      27.2         6.656e-03       0.9      1.00     yes
     159.8         6.669e-03      10.5      1.16     NO*
     179.5         6.672e-03       3.8      1.02     yes
    1772.0         6.684e-03       6.0      1.05     yes
    1992.2         6.693e-03       1.2      1.00     yes
    1258.2         6.702e-03       4.5      1.00     yes
    1506.8         6.754e-03       0.7      1.00     yes
    1367.0         6.779e-03       2.0      1.00     yes
    1707.2         6.779e-03       0.9      1.00     yes
    1569.5         6.781e-03       3.7      1.07     yes
    1077.0         6.787e-03       4.7      1.01     yes
     360.2         6.817e-03      12.8      1.15     NO*
     270.0         6.818e-03       3.2      1.08     yes
     290.8         6.851e-03       1.6      1.00     yes
    1681.5         6.861e-03       1.7      1.06     yes
    1140.8         6.862e-03       0.9      1.13     yes
     672.0         6.863e-03      19.5      1.01     NO*
      88.8         6.881e-03       3.8      1.09     yes
     206.2         6.899e-03       1.1      1.00     yes
      63.8         6.921e-03       6.4      1.26     NO*
     491.2         6.929e-03       1.7      1.02     yes
    1057.8         6.929e-03      15.6      1.00     NO*
     382.0         6.985e-03       1.4      1.01     yes
     892.2         7.004e-03       3.6      1.00     yes
    1009.8         7.014e-03       6.9      1.04     NO*
    1919.2         7.026e-03       4.8      1.29     yes
    1884.0         7.038e-03       2.9      1.02     yes
     739.8         7.052e-03       7.1      1.04     NO*
     784.0         7.088e-03       4.2      1.01     yes
    2174.0         7.093e-03       6.5      1.01     NO*
     560.8         7.132e-03       2.3      1.08     yes
     874.5         7.137e-03       4.7      1.00     yes
    1094.2         7.140e-03      11.3      1.00     NO*
    1614.0         7.159e-03       4.3      1.18     yes
    2062.0         7.181e-03       3.5      1.00     yes
    2156.2         7.227e-03       1.2      1.00     yes
    1726.0         7.238e-03       3.7      1.08     yes
    2383.2         7.247e-03      16.5      1.03     NO*
    2310.2         7.278e-03       8.6      1.10     NO*
    2286.0         7.282e-03      10.0      1.03     NO*
    2109.8         7.347e-03       8.7      1.13     NO*
    2085.0         7.348e-03      16.0      1.13     NO*
    2131.0         7.387e-03       3.7      1.07     yes
    1637.0         7.388e-03      15.5      1.22     NO*
     761.2         7.409e-03      17.0      1.07     NO*
    1589.8         7.414e-03       1.3      1.03     yes
    1479.0         7.431e-03       1.9      1.01     yes
    2467.0         7.443e-03      17.2      1.00     NO*
    1743.8         7.530e-03       0.9      1.00     yes
     857.2         7.562e-03       5.2      1.00     yes
    2489.2         7.620e-03       2.5      1.10     yes
     655.2         7.628e-03       1.3      1.00     yes
     242.8         7.699e-03       2.9      1.00     yes
    2220.0         7.756e-03      10.1      1.22     NO*
     718.0         8.035e-03       5.3      1.19     yes
    2421.0         8.072e-03       5.5      1.28     yes
     224.0         8.115e-03      16.2      1.09     NO*
    2441.2         8.486e-03      45.1      1.09     NO*
     830.0         8.527e-03      14.9      1.18     NO*
     809.2         8.788e-03      14.0      1.28     NO*
     919.0         9.447e-03      23.9      1.00     NO*
    1031.0         9.470e-03      15.2      1.97     NO*
    1389.2         1.167e-02      24.5      2.48     NO*
     608.8         1.312e-02      11.3      2.60     NO*
     940.2         1.572e-02      21.6      1.22     NO*
    2332.0         1.716e-02      14.8      3.26     NO*
     691.8         2.591e-02      38.8      1.00     NO*
     471.0         3.043e-02      19.2      6.06     NO*
     112.0         2.303e-01      31.7     59.15     NO*
    1973.0         4.559e-01      34.8    103.17     NO*
     583.0         1.062e+00      49.1    101.93     NO*
    1166.0         1.063e+00      38.4    155.48     NO*
    1278.0         1.173e+00      54.3    139.16     NO*
    1861.2         6.669e+02      62.4  51974.44     NO*
  consensus floor = 6.779e-03 mV^2/Hz over 63 clean bands  ->  Var(n) = 0.0271 mV^2  (RMS 164.7 uV)
  carrier a = 1066.182 mV  ->  SNR = 73.2 dB in the 4 Hz demod band

========================================================================
A2V-16_A4
========================================================================
 center Hz   density mV^2/Hz  worst dB  bw_ratio   clean
    1955.8         1.234e-03       0.6      1.00     yes
    1755.2         1.315e-03       0.6      1.00     yes
    1813.2         1.340e-03       6.8      1.05     NO*
     179.5         1.396e-03       8.1      1.01     NO*
    1681.5         1.397e-03       4.6      1.00     yes
      42.2         1.402e-03       7.8      1.00     NO*
    2264.5         1.403e-03      11.4      1.05     NO*
     290.8         1.411e-03       3.7      1.21     yes
    1258.2         1.431e-03       6.1      1.00     NO*
    1458.8         1.447e-03       8.5      1.00     NO*
    1543.2         1.458e-03       2.6      1.00     yes
    1367.0         1.464e-03       8.8      1.07     NO*
    1838.0         1.480e-03       5.6      1.29     yes
    1294.8         1.487e-03       1.3      1.00     yes
    1569.5         1.495e-03       6.8      1.08     NO*
      88.8         1.504e-03       9.4      1.01     NO*
    1306.2         1.510e-03       4.4      1.00     yes
    1222.0         1.512e-03       6.6      1.09     NO*
    1919.2         1.517e-03       9.5      1.10     NO*
    1726.0         1.531e-03       7.7      1.25     NO*
    1589.8         1.533e-03       2.5      1.03     yes
    1743.8         1.533e-03       2.1      1.00     yes
     313.0         1.537e-03       5.5      1.11     yes
     270.0         1.545e-03       5.3      1.20     yes
      27.2         1.549e-03       5.0      1.00     yes
    1614.0         1.575e-03       6.2      1.16     NO*
    1791.8         1.584e-03       5.6      1.29     yes
    1660.8         1.592e-03       7.0      1.02     NO*
    1331.2         1.600e-03       9.1      1.04     NO*
     194.8         1.609e-03       1.4      1.00     yes
     135.0         1.616e-03      12.6      1.02     NO*
     965.0         1.632e-03      14.5      1.21     NO*
     874.5         1.634e-03       9.0      1.49     NO*
    2109.8         1.637e-03      13.5      1.12     NO*
    1413.0         1.639e-03       3.5      1.00     yes
     527.0         1.643e-03      14.0      1.16     NO*
     242.8         1.655e-03       7.9      1.00     NO*
    1115.8         1.657e-03      15.1      3.08     NO*
     633.8         1.660e-03       7.3      1.15     NO*
    2192.8         1.667e-03      13.3      1.00     NO*
     206.2         1.669e-03       2.8      1.00     yes
    2028.8         1.671e-03      17.0      1.05     NO*
    1188.8         1.674e-03      17.0      1.04     NO*
    1772.0         1.680e-03      11.3      1.01     NO*
     382.0         1.703e-03       4.5      1.01     yes
    2174.0         1.703e-03      11.4      1.22     NO*
    2240.8         1.714e-03       3.3      1.00     yes
    1525.0         1.717e-03       8.4      1.03     NO*
     560.8         1.728e-03       4.1      1.04     yes
      63.8         1.736e-03      11.6      1.37     NO*
    1992.2         1.751e-03       4.9      1.00     yes
     159.8         1.784e-03      18.7      1.45     NO*
     491.2         1.828e-03       4.1      1.10     yes
    1506.8         1.833e-03       2.9      1.00     yes
    1884.0         1.839e-03       4.1      1.14     yes
    2489.2         1.840e-03       6.8      1.30     NO*
    1707.2         1.849e-03       2.9      1.00     yes
     986.5         1.863e-03       4.9      1.18     yes
    1057.8         1.874e-03      26.4      1.00     NO*
    1094.2         1.898e-03      15.5      1.00     NO*
    2131.0         1.914e-03       6.5      1.11     NO*
    1479.0         1.928e-03       6.0      1.15     yes
    1436.0         1.929e-03      18.0      1.08     NO*
     336.0         1.955e-03       9.1      1.44     NO*
    2383.2         1.966e-03      21.5      1.05     NO*
    2156.2         2.006e-03       3.3      1.00     yes
    2310.2         2.018e-03      12.4      1.12     NO*
    1944.2         2.065e-03       7.2      1.00     NO*
    1140.8         2.070e-03       5.5      1.35     yes
    2085.0         2.170e-03      23.5      1.50     NO*
    2286.0         2.191e-03      14.9      1.33     NO*
     761.2         2.235e-03      21.9      1.04     NO*
     360.2         2.246e-03      16.5      1.00     NO*
     739.8         2.312e-03      11.7      1.05     NO*
    1009.8         2.335e-03      10.3      1.05     NO*
    2421.0         2.428e-03       9.7      1.27     NO*
    2358.2         2.528e-03       4.2      1.39     yes
    2062.0         2.596e-03       6.4      1.13     NO*
    2467.0         2.643e-03      21.7      1.14     NO*
    1077.0         2.687e-03       6.3      1.02     NO*
     224.0         2.750e-03      18.6      1.72     NO*
     672.0         2.809e-03      22.8      1.03     NO*
    2220.0         2.860e-03      16.1      1.65     NO*
    1637.0         2.920e-03      15.1      2.53     NO*
     892.2         2.938e-03       6.0      1.00     NO*
     784.0         2.994e-03       6.3      1.15     NO*
     655.2         3.023e-03       3.5      1.00     yes
     857.2         3.081e-03      10.3      1.00     NO*
     718.0         3.405e-03       8.7      1.28     NO*
    1031.0         4.209e-03      20.8      3.53     NO*
     809.2         4.305e-03      28.3      2.16     NO*
     830.0         4.368e-03      20.4      1.80     NO*
    2441.2         4.507e-03      47.8      1.14     NO*
     919.0         5.625e-03      25.8      1.01     NO*
     608.8         7.319e-03      14.3      4.12     NO*
     940.2         1.024e-02      22.5      1.73     NO*
    1389.2         1.057e-02      32.2     11.41     NO*
    2332.0         1.247e-02      30.4      5.66     NO*
     691.8         2.295e-02      40.0      1.00     NO*
     112.0         4.500e-02      31.7     54.96     NO*
     471.0         1.009e-01      32.2     76.92     NO*
    1973.0         1.418e-01      35.3    105.81     NO*
    1166.0         5.932e-01      40.4    186.49     NO*
     583.0         1.494e+00      53.6    228.17     NO*
    1278.0         1.841e+00      59.5    186.12     NO*
    1861.2         1.115e+03      68.9  64635.18     NO*
  consensus floor = 1.639e-03 mV^2/Hz over 31 clean bands  ->  Var(n) = 0.0066 mV^2  (RMS 81.0 uV)
  carrier a = 1020.759 mV  ->  SNR = 79.0 dB in the 4 Hz demod band
