FULL PER-BAND NOISE-FLOOR TABLE
Fs = 5000.00 Hz  carrier = 930.500 Hz  Nyquist = 2500.0 Hz
record = 16000 samples (3.2 s)  Welch NFFT = 8192  bin = 0.610 Hz
candidate carrier-free bands = 106  (guard ±3.0 Hz from every comb line)
'clean' = no bin > band-median + 6.0 dB;  bw_ratio = density spread across halfwidths [2, 5, 10, 20]

========================================================================
A2V-16_A1
========================================================================
 center Hz   density mV^2/Hz  worst dB  bw_ratio   clean
    2062.0         6.760e-04       7.7      1.00     NO*
    1955.8         7.994e-04       6.0      1.00     NO*
    2028.8         9.291e-04       8.9      1.46     NO*
    1294.8         1.047e-03       4.2      1.00     yes
    2421.0         1.146e-03       5.5      1.09     yes
    1589.8         1.151e-03       5.3      1.34     yes
    1614.0         1.186e-03       4.2      1.19     yes
    1637.0         1.212e-03       7.4      2.24     NO*
    1258.2         1.237e-03       3.1      1.32     yes
    2358.2         1.243e-03       8.0      1.10     NO*
    2310.2         1.249e-03       4.2      1.02     yes
    1838.0         1.268e-03       5.9      1.00     yes
    1458.8         1.268e-03       5.1      1.36     yes
    1772.0         1.273e-03       4.1      1.13     yes
    1436.0         1.307e-03       4.2      1.19     yes
     527.0         1.340e-03       6.3      1.69     NO*
    2109.8         1.372e-03       4.6      1.57     yes
    2383.2         1.379e-03       6.3      1.22     NO*
    2489.2         1.459e-03       7.5      1.22     NO*
    1367.0         1.487e-03       5.7      1.00     yes
    1726.0         1.500e-03       5.9      1.01     yes
    2467.0         1.504e-03       4.2      1.19     yes
     633.8         1.533e-03       6.9      1.38     NO*
    1525.0         1.558e-03       2.7      1.52     yes
    1813.2         1.565e-03       4.5      1.69     yes
    1681.5         1.594e-03       4.0      1.05     yes
    1140.8         1.605e-03       3.8      1.23     yes
    1707.2         1.643e-03       6.0      1.00     yes
    2174.0         1.651e-03       7.0      1.24     NO*
    1743.8         1.667e-03       2.6      1.00     yes
    1973.0         1.686e-03       6.0      1.42     yes
    1188.8         1.692e-03       4.8      1.04     yes
    1222.0         1.703e-03       6.7      1.56     NO*
     718.0         1.791e-03       5.7      1.21     yes
    1331.2         1.795e-03       5.2      1.34     yes
    1166.0         1.812e-03       6.9      1.39     NO*
    1755.2         1.825e-03       4.5      1.00     yes
     360.2         1.862e-03       6.0      1.00     yes
    1389.2         1.928e-03       3.9      1.02     yes
    1479.0         1.955e-03       4.0      1.38     yes
     491.2         2.044e-03       4.8      2.03     yes
    2156.2         2.047e-03       3.6      1.00     yes
    2332.0         2.139e-03       5.6      1.05     yes
    2264.5         2.155e-03       5.1      1.21     yes
    1791.8         2.201e-03       2.5      1.30     yes
    1115.8         2.201e-03       6.2      1.46     NO*
    1306.2         2.209e-03       3.6      1.00     yes
    1919.2         2.211e-03       6.4      6.28     NO*
    2085.0         2.232e-03       5.0      1.02     yes
     224.0         2.258e-03       3.2      1.51     yes
    1077.0         2.288e-03       4.2      1.11     yes
    1506.8         2.296e-03       6.3      1.00     NO*
     672.0         2.408e-03       7.9      1.00     NO*
    1944.2         2.409e-03       1.5      1.00     yes
     655.2         2.466e-03       4.9      1.00     yes
     761.2         2.518e-03       4.5      1.00     yes
     242.8         2.534e-03       4.8      1.00     yes
     471.0         2.546e-03       4.3      1.65     yes
     194.8         2.571e-03       2.0      1.00     yes
    1660.8         2.593e-03       3.7      1.09     yes
    2441.2         2.637e-03       3.5      1.00     yes
    2240.8         2.644e-03       4.5      1.29     yes
    1094.2         2.672e-03       2.7      1.00     yes
    1569.5         2.679e-03       5.5      1.48     yes
    1413.0         2.701e-03       4.1      1.28     yes
    2131.0         2.706e-03       7.5      1.11     NO*
     206.2         2.765e-03       4.2      1.00     yes
     560.8         2.797e-03       4.0      1.07     yes
    2286.0         2.809e-03       5.4      2.36     yes
    1992.2         2.860e-03      10.5      1.00     NO*
    1884.0         2.987e-03       2.4      1.12     yes
     290.8         3.073e-03       3.4      1.04     yes
    1057.8         3.147e-03       3.2      1.00     yes
    1278.0         3.157e-03       5.6      1.63     yes
     784.0         3.362e-03       3.4      1.52     yes
    1543.2         3.444e-03       4.3      1.00     yes
     608.8         3.632e-03       3.6      1.75     yes
     691.8         3.931e-03       4.3      1.07     yes
     830.0         3.963e-03       4.0      1.74     yes
     739.8         3.964e-03       2.9      1.00     yes
     270.0         4.076e-03       5.0      1.09     yes
    1031.0         4.126e-03       3.9      2.49     yes
     382.0         4.180e-03       6.3      2.64     NO*
     313.0         4.755e-03       5.1      1.09     yes
     583.0         5.378e-03       5.2      1.32     yes
     336.0         5.429e-03       5.4      1.06     yes
    1861.2         5.445e-03      12.7      5.09     NO*
    2192.8         6.604e-03       2.5      1.00     yes
     809.2         7.078e-03       4.5      2.40     yes
     159.8         7.468e-03       2.5      1.11     yes
     179.5         8.002e-03       3.7      1.37     yes
    1009.8         9.509e-03       8.2      1.16     NO*
     986.5         9.947e-03       2.8      1.08     yes
    2220.0         1.045e-02       8.7      1.06     NO*
     135.0         1.098e-02       3.2      1.33     yes
     857.2         1.294e-02       2.5      1.00     yes
     112.0         1.341e-02       2.8      1.08     yes
     874.5         1.802e-02       1.3      1.34     yes
      88.8         2.286e-02       2.2      1.04     yes
     965.0         2.558e-02       3.6      1.03     yes
     892.2         3.445e-02       1.8      1.00     yes
      63.8         3.548e-02       1.4      1.13     yes
      42.2         6.252e-02       1.1      1.00     yes
      27.2         1.827e-01       1.2      1.00     yes
     919.0         2.817e-01      10.3      1.00     NO*
     940.2         3.333e-01       9.7      1.00     NO*
  consensus floor = 2.526e-03 mV^2/Hz over 78 clean bands  ->  Var(n) = 0.0101 mV^2  (RMS 100.5 uV)
  carrier a = 28.402 mV  ->  SNR = 46.0 dB in the 4 Hz demod band

========================================================================
A2V-16_A2
========================================================================
 center Hz   density mV^2/Hz  worst dB  bw_ratio   clean
    1755.2         9.257e-04       0.5      1.00     yes
    1838.0         1.255e-03       5.3      1.58     yes
    2286.0         1.295e-03       5.0      1.26     yes
    2441.2         1.486e-03       4.3      1.49     yes
    1479.0         1.494e-03       8.1      1.63     NO*
    1919.2         1.499e-03       6.3      2.73     NO*
    1543.2         1.523e-03       4.6      1.00     yes
    1094.2         1.593e-03       6.1      1.00     NO*
    1188.8         1.701e-03       4.9      1.29     yes
     360.2         1.732e-03       5.1      1.53     yes
    1306.2         1.950e-03       2.7      1.00     yes
    2264.5         2.032e-03       4.4      1.33     yes
    1707.2         2.136e-03       5.9      1.00     yes
    1614.0         2.154e-03       6.2      1.50     NO*
    1389.2         2.191e-03       4.8      2.10     yes
    1973.0         2.203e-03       6.8      3.03     NO*
    1884.0         2.209e-03       5.3      1.66     yes
    1258.2         2.234e-03       6.8      1.05     NO*
    2028.8         2.363e-03       5.4      1.84     yes
    1681.5         2.397e-03       5.4      1.81     yes
    2383.2         2.408e-03       4.7      1.96     yes
    1791.8         2.469e-03       5.4      1.02     yes
    1031.0         2.522e-03       5.4      1.00     yes
    1077.0         2.523e-03       5.2      1.26     yes
    2085.0         2.528e-03       5.2      1.66     yes
    1726.0         2.539e-03       4.7      1.18     yes
    1944.2         2.575e-03       1.3      1.00     yes
    1413.0         2.582e-03       3.1      1.01     yes
    2240.8         2.583e-03       5.3      1.09     yes
    2332.0         2.628e-03       5.6      1.08     yes
    1458.8         2.646e-03       4.0      1.00     yes
     290.8         2.661e-03       5.7      1.67     yes
    2109.8         2.713e-03       6.0      1.00     NO*
    1506.8         2.747e-03       4.0      1.00     yes
    1436.0         2.769e-03       4.9      1.29     yes
    1367.0         2.850e-03       3.8      1.00     yes
    1525.0         2.958e-03       3.6      1.00     yes
    2062.0         2.960e-03       3.7      1.38     yes
    1992.2         2.980e-03       6.3      1.00     NO*
    1660.8         2.995e-03       3.2      1.53     yes
    1331.2         3.010e-03       6.2      1.31     NO*
     655.2         3.021e-03       3.5      1.00     yes
    1140.8         3.050e-03       4.3      1.05     yes
    2421.0         3.053e-03       4.4      1.33     yes
    2467.0         3.166e-03       7.5      1.00     NO*
    2156.2         3.228e-03       6.2      1.00     NO*
    1589.8         3.260e-03       3.7      1.06     yes
    1772.0         3.297e-03       4.9      1.61     yes
    1166.0         3.375e-03       6.2      1.12     NO*
     718.0         3.406e-03       3.7      1.09     yes
     633.8         3.436e-03       5.1      1.46     yes
    2174.0         3.441e-03       4.4      2.30     yes
    2358.2         3.503e-03       4.4      1.14     yes
     313.0         3.514e-03       5.3      1.00     yes
    1222.0         3.529e-03       5.7      1.24     yes
     527.0         3.583e-03       6.1      1.47     NO*
    1743.8         3.654e-03       3.2      1.00     yes
    1637.0         3.805e-03       3.6      1.29     yes
    2489.2         3.854e-03       4.3      1.10     yes
    1569.5         3.859e-03       3.6      1.26     yes
    1813.2         3.876e-03       4.8      1.08     yes
     560.8         3.910e-03       5.3      1.00     yes
    2310.2         3.937e-03       4.2      1.20     yes
     382.0         3.990e-03       3.0      1.22     yes
    2192.8         4.130e-03       2.7      1.00     yes
    1278.0         4.165e-03       5.3      2.69     yes
    2131.0         4.234e-03       4.0      1.91     yes
     691.8         4.242e-03       4.0      1.03     yes
     672.0         4.327e-03       5.3      2.29     yes
    1115.8         4.367e-03       5.1      1.41     yes
    1294.8         4.407e-03       1.5      1.00     yes
     194.8         4.438e-03       2.1      1.00     yes
     242.8         4.486e-03       3.0      1.00     yes
     739.8         4.562e-03       5.4      1.55     yes
     471.0         4.733e-03       4.4      1.36     yes
    1057.8         5.198e-03       1.8      1.00     yes
    1955.8         5.539e-03       1.5      1.00     yes
     784.0         5.688e-03       4.6      1.85     yes
     608.8         5.773e-03       3.8      1.10     yes
     830.0         5.794e-03       4.4      1.00     yes
     491.2         5.884e-03       4.8      1.08     yes
     224.0         5.996e-03       4.9      1.67     yes
     159.8         6.004e-03       3.2      2.33     yes
     761.2         6.246e-03       3.4      1.17     yes
     583.0         6.252e-03       4.5      1.37     yes
     206.2         6.304e-03       1.6      1.00     yes
     270.0         6.421e-03       2.4      1.12     yes
    1861.2         6.502e-03      10.6      2.60     NO*
     809.2         6.522e-03       7.2      1.78     NO*
     336.0         7.174e-03       8.5      2.23     NO*
     179.5         7.303e-03       4.4      1.28     yes
    2220.0         9.838e-03       9.4      1.62     NO*
     874.5         9.859e-03       4.9      1.17     yes
     112.0         1.248e-02       2.4      1.08     yes
     135.0         1.475e-02       5.8      2.65     yes
     986.5         1.496e-02       3.1      1.00     yes
    1009.8         1.542e-02       7.7      1.19     NO*
     857.2         1.973e-02       1.7      1.00     yes
      88.8         2.031e-02       3.2      1.02     yes
     892.2         2.327e-02       2.2      1.00     yes
     965.0         3.178e-02       3.0      1.02     yes
      63.8         4.626e-02       3.0      1.05     yes
      42.2         7.390e-02       1.6      1.00     yes
      27.2         1.856e-01       1.4      1.00     yes
     919.0         2.484e-01      11.3      1.00     NO*
     940.2         3.469e-01       9.7      1.00     NO*
  consensus floor = 3.522e-03 mV^2/Hz over 80 clean bands  ->  Var(n) = 0.0141 mV^2  (RMS 118.7 uV)
  carrier a = 29.690 mV  ->  SNR = 45.0 dB in the 4 Hz demod band

========================================================================
A2V-16_A3
========================================================================
 center Hz   density mV^2/Hz  worst dB  bw_ratio   clean
    1838.0         9.485e-04       3.6      1.69     yes
    1166.0         1.314e-03       4.7      1.07     yes
    1884.0         1.441e-03       5.3      1.10     yes
    1681.5         1.535e-03       3.9      1.95     yes
    2131.0         1.659e-03       3.3      1.52     yes
    2489.2         1.778e-03       8.5      1.16     NO*
    1077.0         1.804e-03       6.6      1.17     NO*
    1755.2         1.838e-03       1.3      1.00     yes
    1726.0         1.863e-03       6.2      1.45     NO*
    2264.5         1.936e-03       4.8      2.17     yes
    1188.8         1.976e-03       5.8      1.60     yes
     691.8         1.978e-03       3.3      1.00     yes
     242.8         1.984e-03       3.8      1.00     yes
    2332.0         2.121e-03       4.6      1.04     yes
    2383.2         2.162e-03       7.3      1.66     NO*
    1413.0         2.162e-03       6.3      1.49     NO*
    1944.2         2.178e-03       4.5      1.00     yes
    1707.2         2.249e-03       2.8      1.00     yes
    1772.0         2.262e-03       4.5      1.18     yes
    1614.0         2.270e-03       5.9      1.17     yes
    2156.2         2.276e-03       6.2      1.00     NO*
    2286.0         2.333e-03       4.2      1.18     yes
    1992.2         2.333e-03      11.6      1.00     NO*
    1813.2         2.388e-03       5.0      1.18     yes
    1436.0         2.504e-03       3.9      1.60     yes
    1637.0         2.592e-03       5.9      1.13     yes
    2085.0         2.629e-03       5.2      1.09     yes
    1973.0         2.716e-03       5.9      1.62     yes
    1331.2         2.765e-03       4.6      1.38     yes
     784.0         2.820e-03       5.5      1.22     yes
    1258.2         2.837e-03       4.6      1.18     yes
    1294.8         2.891e-03       2.8      1.00     yes
    1479.0         2.900e-03       6.5      1.83     NO*
     290.8         2.946e-03       4.9      1.92     yes
    1367.0         3.017e-03       3.9      1.05     yes
    2421.0         3.022e-03       4.5      1.39     yes
     313.0         3.106e-03       5.3      1.75     yes
    2174.0         3.137e-03       2.3      1.03     yes
    1569.5         3.149e-03       3.3      1.15     yes
    1115.8         3.184e-03       4.3      1.31     yes
    1955.8         3.185e-03       4.1      1.00     yes
    1306.2         3.191e-03       5.0      1.00     yes
     360.2         3.196e-03       3.8      1.44     yes
     761.2         3.210e-03       5.3      1.83     yes
     382.0         3.219e-03       6.0      1.66     yes
    1919.2         3.230e-03       7.6      1.25     NO*
    1094.2         3.240e-03       4.8      1.00     yes
    2240.8         3.293e-03       3.9      1.19     yes
    1743.8         3.316e-03       4.6      1.00     yes
    1660.8         3.459e-03       5.3      1.04     yes
    1525.0         3.521e-03       6.3      1.29     NO*
     739.8         3.562e-03       6.9      1.17     NO*
    1140.8         3.570e-03       5.7      1.19     yes
    1589.8         3.578e-03       4.9      1.17     yes
    1861.2         3.594e-03       6.6      1.08     NO*
    1031.0         3.618e-03       5.0      1.19     yes
    1389.2         3.684e-03       2.5      1.58     yes
    1222.0         3.762e-03       6.2      1.29     NO*
    1458.8         3.877e-03       4.2      1.83     yes
    2028.8         3.887e-03       6.1      1.39     NO*
     672.0         3.912e-03       3.2      1.20     yes
     206.2         3.933e-03       5.2      1.00     yes
    2358.2         3.968e-03       5.6      1.03     yes
    2062.0         4.015e-03       3.4      1.45     yes
    2310.2         4.067e-03       5.2      1.44     yes
    1278.0         4.078e-03       5.0      1.50     yes
    2467.0         4.182e-03       4.7      1.00     yes
    1506.8         4.189e-03       5.0      1.00     yes
     655.2         4.226e-03       4.9      1.00     yes
    2441.2         4.264e-03       3.0      1.30     yes
     336.0         4.588e-03       3.6      2.04     yes
     471.0         4.685e-03       3.9      1.10     yes
     830.0         4.691e-03       4.2      1.00     yes
     491.2         4.718e-03       2.3      1.66     yes
    2109.8         4.856e-03       4.5      1.42     yes
     224.0         4.882e-03       4.4      1.64     yes
     583.0         4.982e-03       7.3      1.20     NO*
     718.0         5.112e-03       3.9      1.77     yes
     135.0         5.252e-03       5.1      1.00     yes
     633.8         5.352e-03       5.2      1.66     yes
    1791.8         5.488e-03       3.7      1.43     yes
     179.5         5.630e-03       4.0      1.09     yes
     159.8         5.689e-03       3.4      1.31     yes
     809.2         6.148e-03       3.5      1.10     yes
     527.0         6.169e-03       8.4      1.51     NO*
    1543.2         6.217e-03       4.3      1.00     yes
     560.8         6.329e-03       3.5      1.05     yes
    2192.8         6.533e-03       2.5      1.00     yes
     608.8         6.882e-03       4.4      1.31     yes
    1057.8         6.991e-03       5.1      1.00     yes
     270.0         7.148e-03       5.8      1.96     yes
     194.8         7.658e-03       3.4      1.00     yes
    2220.0         8.098e-03       8.6      1.02     NO*
     857.2         8.383e-03       4.9      1.00     yes
     986.5         8.413e-03       2.4      1.00     yes
     112.0         9.069e-03       4.3      1.16     yes
    1009.8         9.492e-03       7.8      1.09     NO*
     892.2         1.008e-02       3.4      1.00     yes
     874.5         1.019e-02       4.9      1.35     yes
      88.8         1.214e-02       2.7      1.31     yes
     965.0         1.613e-02       3.6      1.43     yes
      63.8         2.449e-02       4.2      2.20     yes
      42.2         3.045e-02       3.1      1.00     yes
      27.2         8.931e-02       0.9      1.00     yes
     919.0         1.409e-01       9.7      1.00     NO*
     940.2         1.897e-01       9.0      1.00     NO*
  consensus floor = 3.578e-03 mV^2/Hz over 83 clean bands  ->  Var(n) = 0.0143 mV^2  (RMS 119.6 uV)
  carrier a = 20.089 mV  ->  SNR = 41.5 dB in the 4 Hz demod band

========================================================================
A2V-16_A4
========================================================================
 center Hz   density mV^2/Hz  worst dB  bw_ratio   clean
    1707.2         2.225e-04       5.9      1.00     yes
    1743.8         2.485e-04       3.8      1.00     yes
    2028.8         2.680e-04       8.2      1.94     NO*
    1614.0         2.965e-04       6.6      1.76     NO*
    2085.0         2.985e-04       8.4      2.22     NO*
    1944.2         3.051e-04       4.5      1.00     yes
    2310.2         3.068e-04       6.1      1.23     NO*
    2358.2         3.201e-04       6.5      1.18     NO*
    2062.0         3.481e-04       4.7      1.43     yes
    2489.2         3.515e-04       5.5      1.04     yes
    1543.2         3.533e-04       4.2      1.00     yes
    1726.0         3.832e-04       5.1      1.17     yes
    1258.2         3.905e-04       4.8      1.00     yes
    1755.2         3.912e-04       4.6      1.00     yes
    2467.0         3.945e-04       6.6      1.14     NO*
    1838.0         4.088e-04       8.0      1.09     NO*
    1884.0         4.141e-04       6.0      1.03     yes
    1569.5         4.161e-04       5.3      1.00     yes
    1919.2         4.335e-04       7.1      1.36     NO*
    1637.0         4.391e-04       3.3      1.15     yes
    1791.8         4.391e-04       3.4      1.44     yes
    1436.0         4.401e-04       5.9      1.05     yes
    1973.0         4.406e-04       3.8      1.17     yes
    1331.2         4.477e-04       5.7      1.67     yes
    1413.0         4.614e-04       6.4      1.07     NO*
    2441.2         4.618e-04       8.1      1.14     NO*
    1772.0         4.726e-04       7.0      1.94     NO*
    1660.8         4.814e-04       4.4      1.00     yes
    2131.0         5.320e-04       4.9      1.07     yes
    1306.2         5.988e-04       4.8      1.00     yes
    1479.0         6.006e-04       6.6      1.19     NO*
    2332.0         6.109e-04       4.0      1.25     yes
    1813.2         6.132e-04       3.6      1.23     yes
    2383.2         6.156e-04       4.5      1.52     yes
    1222.0         6.350e-04       4.4      1.34     yes
    2421.0         6.546e-04       4.2      1.00     yes
    1458.8         7.041e-04       5.4      1.19     yes
    1681.5         7.089e-04       4.5      1.35     yes
    1589.8         7.256e-04       3.5      1.10     yes
    1294.8         7.292e-04       3.8      1.00     yes
     360.2         7.450e-04       5.5      1.36     yes
    1389.2         7.534e-04       5.6      1.04     yes
    1525.0         7.638e-04       5.3      1.32     yes
    1367.0         8.067e-04       4.1      2.08     yes
    1140.8         8.079e-04       5.3      1.14     yes
    2286.0         8.162e-04       3.8      1.13     yes
    1188.8         8.181e-04       2.3      1.35     yes
    1166.0         8.321e-04       4.7      1.08     yes
    2109.8         9.203e-04       6.1      1.07     NO*
    1955.8         9.640e-04       1.0      1.00     yes
    2156.2         9.907e-04       4.4      1.00     yes
     471.0         1.015e-03       3.4      2.67     yes
    2264.5         1.041e-03       4.9      1.12     yes
    1992.2         1.089e-03      12.7      1.00     NO*
    2174.0         1.089e-03       8.7      1.25     NO*
    1278.0         1.118e-03       7.7      1.86     NO*
     382.0         1.221e-03       4.7      1.03     yes
     527.0         1.428e-03       4.9      1.36     yes
    2240.8         1.435e-03       2.1      1.00     yes
     691.8         1.457e-03       3.9      1.15     yes
    1115.8         1.549e-03       4.5      1.08     yes
     633.8         1.549e-03       4.6      1.29     yes
    1077.0         1.560e-03       2.9      1.39     yes
     655.2         1.649e-03       2.0      1.00     yes
     718.0         1.671e-03       2.8      1.24     yes
     672.0         1.737e-03       2.5      1.35     yes
    1506.8         1.854e-03       4.4      1.00     yes
    1094.2         2.220e-03       1.5      1.00     yes
     739.8         2.271e-03       1.7      1.00     yes
    1057.8         2.291e-03       3.0      1.00     yes
     560.8         2.504e-03       4.9      1.17     yes
     491.2         2.776e-03       1.7      1.26     yes
     784.0         2.814e-03       2.0      1.24     yes
     290.8         3.187e-03       1.5      1.42     yes
     313.0         3.210e-03       1.9      1.08     yes
     270.0         3.254e-03       2.3      1.08     yes
     761.2         3.304e-03       3.0      1.01     yes
    1031.0         3.744e-03       1.7      1.24     yes
     224.0         3.854e-03       2.8      1.11     yes
     242.8         3.913e-03       1.1      1.00     yes
     608.8         4.252e-03       4.5      1.46     yes
     809.2         4.709e-03       2.4      1.05     yes
     830.0         5.178e-03       1.7      1.29     yes
     336.0         5.237e-03       6.1      1.36     NO*
     194.8         5.418e-03       0.6      1.00     yes
     206.2         5.427e-03       0.8      1.00     yes
    1861.2         5.829e-03      15.5      6.85     NO*
    2192.8         5.894e-03       2.4      1.00     yes
     159.8         6.362e-03       1.4      1.15     yes
     179.5         6.837e-03       2.3      1.07     yes
     583.0         7.034e-03       6.3      1.12     NO*
    1009.8         8.204e-03       8.4      1.05     NO*
     135.0         8.458e-03       2.2      1.06     yes
     857.2         1.140e-02       1.6      1.00     yes
    2220.0         1.146e-02       9.5      1.04     NO*
     112.0         1.279e-02       1.8      1.00     yes
     986.5         1.318e-02       1.7      1.23     yes
     874.5         1.467e-02       0.9      1.25     yes
      88.8         2.260e-02       1.3      1.02     yes
     892.2         3.291e-02       1.2      1.00     yes
     965.0         3.630e-02       2.4      1.00     yes
      63.8         4.116e-02       1.9      1.04     yes
      42.2         8.754e-02       1.4      1.00     yes
      27.2         2.433e-01       0.7      1.00     yes
     919.0         3.102e-01      11.0      1.00     NO*
     940.2         4.333e-01       9.6      1.00     NO*
  consensus floor = 1.435e-03 mV^2/Hz over 81 clean bands  ->  Var(n) = 0.0057 mV^2  (RMS 75.8 uV)
  carrier a = 32.180 mV  ->  SNR = 49.6 dB in the 4 Hz demod band
