FULL PER-BAND NOISE-FLOOR TABLE
Fs = 5000.00 Hz  carrier = 930.500 Hz  Nyquist = 2500.0 Hz
record = 150000 samples (30.0 s)  Welch NFFT = 8192  bin = 0.610 Hz
candidate carrier-free bands = 106  (guard ±3.0 Hz from every comb line)
'clean' = no bin > band-median + 6.0 dB;  bw_ratio = density spread across halfwidths [2, 5, 10, 20]

========================================================================
A2V-16_A1
========================================================================
 center Hz   density mV^2/Hz  worst dB  bw_ratio   clean
    1306.2         8.188e-04       5.4      1.00     yes
    1681.5         8.479e-04      11.0      1.04     NO*
    2028.8         8.595e-04      18.5      1.16     NO*
    1813.2         8.614e-04       7.9      1.10     NO*
    1755.2         8.649e-04       1.1      1.00     yes
     206.2         8.704e-04       2.7      1.00     yes
    1707.2         8.713e-04       2.4      1.00     yes
    1188.8         8.935e-04      15.6      1.08     NO*
    1458.8         8.956e-04      11.4      1.19     NO*
    1258.2         8.970e-04       3.5      1.12     yes
    1726.0         9.017e-04       7.4      1.43     NO*
    2264.5         9.075e-04      10.5      1.24     NO*
      42.2         9.157e-04      10.2      1.00     NO*
    1413.0         9.173e-04       6.5      1.15     NO*
    2109.8         9.281e-04      11.6      1.07     NO*
    1367.0         9.433e-04      10.8      1.00     NO*
    1331.2         9.444e-04       9.3      1.19     NO*
     527.0         9.483e-04      12.9      1.42     NO*
    1222.0         9.612e-04       8.7      1.32     NO*
    1743.8         9.657e-04       2.8      1.00     yes
     290.8         9.868e-04       3.3      1.11     yes
     965.0         9.916e-04      14.7      1.11     NO*
    1955.8         9.927e-04       1.8      1.00     yes
    1884.0         1.014e-03       7.9      1.01     NO*
    2131.0         1.021e-03       6.2      1.28     NO*
    2240.8         1.022e-03       3.5      1.00     yes
    1992.2         1.030e-03       6.9      1.00     NO*
     491.2         1.031e-03       4.7      1.05     yes
    1589.8         1.032e-03       6.4      1.16     NO*
    1543.2         1.035e-03       4.8      1.00     yes
    1057.8         1.052e-03      27.2      1.00     NO*
     270.0         1.062e-03       6.8      1.22     NO*
     874.5         1.069e-03      13.4      1.28     NO*
      88.8         1.070e-03      10.5      1.01     NO*
    2174.0         1.089e-03      12.2      1.04     NO*
    1506.8         1.091e-03       2.0      1.00     yes
    1094.2         1.092e-03      14.3      1.00     NO*
    1569.5         1.094e-03       6.7      1.05     NO*
    1115.8         1.107e-03      15.4      1.95     NO*
    1791.8         1.109e-03       4.5      1.15     yes
    1436.0         1.112e-03      20.4      1.08     NO*
    1660.8         1.116e-03      10.6      1.14     NO*
     560.8         1.144e-03       5.6      1.10     yes
    1919.2         1.146e-03      10.5      1.05     NO*
     739.8         1.164e-03      11.2      1.00     NO*
    1294.8         1.175e-03       2.2      1.00     yes
    2489.2         1.184e-03       8.0      1.27     NO*
    2421.0         1.193e-03       9.7      1.18     NO*
     179.5         1.215e-03      17.9      1.23     NO*
    1772.0         1.217e-03      11.3      1.14     NO*
     194.8         1.244e-03       1.2      1.00     yes
    2286.0         1.250e-03      14.9      1.34     NO*
    2383.2         1.268e-03      21.9      1.15     NO*
    2310.2         1.286e-03      11.8      1.49     NO*
    2156.2         1.295e-03       4.6      1.00     yes
     986.5         1.299e-03      15.7      1.07     NO*
     761.2         1.304e-03      22.9      1.33     NO*
     313.0         1.323e-03       3.7      1.26     yes
      27.2         1.333e-03       6.8      1.00     NO*
     382.0         1.342e-03       4.9      1.07     yes
    2358.2         1.348e-03       5.4      1.12     yes
    1944.2         1.402e-03       8.0      1.00     NO*
    1009.8         1.403e-03      10.8      1.12     NO*
    1140.8         1.448e-03       4.2      1.06     yes
    1838.0         1.466e-03       5.1      2.07     yes
    1479.0         1.492e-03       6.6      1.08     NO*
     135.0         1.497e-03      13.2      1.08     NO*
     718.0         1.506e-03       9.7      1.17     NO*
    2085.0         1.508e-03      26.9      1.52     NO*
     159.8         1.532e-03      21.7      1.71     NO*
      63.8         1.552e-03      30.0      1.60     NO*
     857.2         1.552e-03       7.8      1.00     NO*
    2192.8         1.589e-03       6.0      1.00     yes
     242.8         1.642e-03       7.5      1.00     NO*
     672.0         1.678e-03      24.4      1.60     NO*
     892.2         1.685e-03       5.9      1.00     yes
     784.0         1.693e-03       8.1      1.83     NO*
    2062.0         1.698e-03       7.6      1.46     NO*
     224.0         1.730e-03      21.6      1.45     NO*
    2467.0         1.751e-03      21.8      1.07     NO*
    1077.0         1.971e-03       7.1      1.47     NO*
     655.2         1.986e-03       2.7      1.00     yes
     336.0         2.088e-03       9.8      1.65     NO*
    1614.0         2.089e-03      13.0      2.75     NO*
    1031.0         2.110e-03      20.8      2.53     NO*
     633.8         2.158e-03       5.9      1.56     yes
     809.2         2.161e-03      28.2      1.75     NO*
    1637.0         2.224e-03      18.0      3.07     NO*
     830.0         2.354e-03      21.6      1.61     NO*
    1525.0         2.357e-03      12.6      2.51     NO*
     360.2         2.556e-03      18.4      2.42     NO*
    2220.0         2.728e-03      16.6      1.85     NO*
    2441.2         2.786e-03      45.7      1.41     NO*
     608.8         5.103e-03       8.5      1.49     NO*
     919.0         7.321e-03      23.8      1.53     NO*
     691.8         7.747e-03      35.7      1.00     NO*
    1389.2         8.032e-03      33.2     12.51     NO*
    2332.0         8.364e-03      26.1      5.32     NO*
     940.2         8.608e-03      22.3      1.23     NO*
     471.0         2.818e-02      27.9     40.33     NO*
    1166.0         1.909e-01      37.6    110.65     NO*
     112.0         2.012e-01      37.8    233.83     NO*
    1973.0         2.198e-01      38.9    259.99     NO*
     583.0         1.102e+00      54.5    283.54     NO*
    1278.0         1.907e+00      60.5    205.16     NO*
    1861.2         1.439e+03      70.1  68631.84     NO*
  consensus floor = 1.109e-03 mV^2/Hz over 25 clean bands  ->  Var(n) = 0.0044 mV^2  (RMS 66.6 uV)
  carrier a = 859.352 mV  ->  SNR = 79.2 dB in the 4 Hz demod band

========================================================================
A2V-16_A2
========================================================================
 center Hz   density mV^2/Hz  worst dB  bw_ratio   clean
    1755.2         1.172e-03       0.8      1.00     yes
    1306.2         1.213e-03       1.3      1.00     yes
      42.2         1.220e-03       3.3      1.00     yes
    1458.8         1.306e-03       4.2      1.31     yes
    1543.2         1.348e-03       1.8      1.00     yes
    1258.2         1.350e-03       8.7      1.14     NO*
    1955.8         1.369e-03       0.5      1.00     yes
    1681.5         1.391e-03       6.7      1.01     NO*
    1222.0         1.396e-03       5.6      1.14     yes
    1726.0         1.414e-03       6.3      1.07     NO*
    2174.0         1.427e-03      11.7      1.14     NO*
    1743.8         1.429e-03       1.4      1.00     yes
     159.8         1.432e-03      14.4      1.00     NO*
    1813.2         1.456e-03       6.4      1.08     NO*
    1660.8         1.469e-03       4.7      1.00     yes
    1436.0         1.490e-03      13.8      1.20     NO*
     290.8         1.501e-03       3.5      1.07     yes
    1479.0         1.505e-03       2.6      1.17     yes
    1331.2         1.507e-03       9.3      1.12     NO*
    1506.8         1.514e-03       3.8      1.00     yes
     194.8         1.517e-03       0.9      1.00     yes
     270.0         1.525e-03       5.8      1.23     yes
    1919.2         1.552e-03       8.0      1.11     NO*
    1188.8         1.553e-03      17.9      1.00     NO*
     206.2         1.555e-03       3.5      1.00     yes
    2264.5         1.557e-03      10.8      1.07     NO*
      27.2         1.570e-03       4.4      1.00     yes
    1367.0         1.582e-03       4.0      1.12     yes
      88.8         1.605e-03       8.8      1.04     NO*
     761.2         1.617e-03      22.5      1.12     NO*
    2192.8         1.617e-03      11.3      1.00     NO*
    1838.0         1.624e-03       3.5      1.09     yes
    1772.0         1.646e-03      10.4      1.10     NO*
     965.0         1.656e-03      13.3      1.14     NO*
     382.0         1.666e-03       3.3      1.29     yes
    1057.8         1.679e-03      18.1      1.00     NO*
    2240.8         1.683e-03       3.6      1.04     yes
     135.0         1.687e-03      12.1      1.06     NO*
     739.8         1.702e-03       9.1      1.12     NO*
    1884.0         1.715e-03       8.3      1.04     NO*
     527.0         1.716e-03      15.1      1.09     NO*
    2156.2         1.730e-03       2.3      1.00     yes
    1589.8         1.740e-03       4.1      1.01     yes
    1569.5         1.741e-03       6.5      1.18     NO*
     718.0         1.749e-03      10.5      1.14     NO*
    1791.8         1.752e-03       6.1      1.40     NO*
    2109.8         1.759e-03      14.1      1.56     NO*
    1115.8         1.760e-03       9.8      2.56     NO*
    2358.2         1.760e-03       3.6      1.27     yes
     313.0         1.764e-03       6.7      1.14     NO*
     560.8         1.784e-03       5.2      1.54     yes
     986.5         1.796e-03      19.6      1.26     NO*
     179.5         1.807e-03      18.4      1.22     NO*
    2489.2         1.809e-03       7.4      1.39     NO*
    2028.8         1.809e-03      11.7      1.12     NO*
     491.2         1.818e-03       3.1      1.07     yes
    1140.8         1.828e-03       1.7      1.09     yes
    2131.0         1.876e-03       6.6      1.04     NO*
    1944.2         1.879e-03       3.1      1.00     yes
    1637.0         1.884e-03      10.0      1.30     NO*
     784.0         1.894e-03       7.5      1.08     NO*
    2421.0         1.896e-03      10.3      1.35     NO*
    1992.2         1.902e-03       3.4      1.00     yes
    2383.2         1.913e-03      21.0      1.12     NO*
    1413.0         1.914e-03       6.9      1.05     NO*
    1707.2         1.927e-03       3.7      1.00     yes
    2286.0         1.936e-03      15.0      1.11     NO*
     360.2         1.983e-03       9.2      1.41     NO*
     892.2         1.983e-03       8.2      1.00     NO*
     242.8         1.991e-03       8.7      1.00     NO*
    1094.2         2.033e-03      16.2      1.00     NO*
     874.5         2.051e-03      18.7      1.36     NO*
    1294.8         2.067e-03       1.8      1.00     yes
      63.8         2.075e-03      30.7      1.31     NO*
     655.2         2.140e-03       4.0      1.00     yes
    2085.0         2.184e-03      13.4      1.25     NO*
    2310.2         2.223e-03      13.3      1.05     NO*
     224.0         2.283e-03       8.0      1.42     NO*
     336.0         2.288e-03      11.2      1.69     NO*
    1009.8         2.359e-03       9.6      1.03     NO*
     672.0         2.386e-03      23.2      1.00     NO*
    2062.0         2.392e-03       7.0      1.34     NO*
    1077.0         2.426e-03       7.4      1.15     NO*
    1525.0         2.514e-03      11.1      1.99     NO*
    2441.2         2.652e-03      46.1      1.26     NO*
    2220.0         2.685e-03      13.2      1.64     NO*
    2467.0         2.777e-03      21.3      1.08     NO*
     857.2         2.915e-03       7.0      1.00     NO*
     633.8         2.963e-03       6.0      1.07     yes
    1614.0         3.243e-03      12.4      3.35     NO*
     830.0         3.715e-03      20.4      1.64     NO*
    1031.0         4.004e-03      20.6      2.98     NO*
     809.2         4.307e-03      21.1      1.77     NO*
     919.0         6.229e-03      25.5      1.12     NO*
     940.2         8.703e-03      23.2      1.64     NO*
    1389.2         8.869e-03      30.9      8.27     NO*
     608.8         1.062e-02      12.4      2.76     NO*
    2332.0         1.173e-02      26.0      5.09     NO*
     691.8         1.454e-02      38.0      1.00     NO*
     471.0         4.669e-02      28.5     35.09     NO*
     112.0         1.403e-01      35.2    127.16     NO*
    1973.0         2.398e-01      37.5    124.78     NO*
     583.0         4.442e-01      48.5    123.49     NO*
    1166.0         4.845e-01      40.2    153.57     NO*
    1278.0         5.386e-01      56.2    200.52     NO*
    1861.2         3.927e+02      65.3  56637.24     NO*
  consensus floor = 1.576e-03 mV^2/Hz over 32 clean bands  ->  Var(n) = 0.0063 mV^2  (RMS 79.4 uV)
  carrier a = 1010.435 mV  ->  SNR = 79.1 dB in the 4 Hz demod band

========================================================================
A2V-16_A3
========================================================================
 center Hz   density mV^2/Hz  worst dB  bw_ratio   clean
    1813.2         6.955e-04       5.9      1.11     yes
    1306.2         7.009e-04       5.0      1.00     yes
     382.0         7.591e-04       3.3      1.04     yes
    1294.8         7.695e-04       2.1      1.00     yes
    1755.2         7.743e-04       1.5      1.00     yes
    1258.2         7.761e-04       9.0      1.02     NO*
    1955.8         7.769e-04       0.8      1.00     yes
    1743.8         7.825e-04       1.3      1.00     yes
    1660.8         8.091e-04       1.6      1.00     yes
     739.8         8.114e-04       2.5      1.00     yes
    1838.0         8.261e-04       5.1      1.03     yes
    1637.0         8.274e-04       9.8      1.14     NO*
    1681.5         8.304e-04       7.7      1.00     NO*
     194.8         8.339e-04       1.0      1.00     yes
    2174.0         8.374e-04      11.0      1.06     NO*
    1436.0         8.558e-04       8.5      1.02     NO*
    1057.8         8.563e-04       1.7      1.00     yes
    1140.8         8.591e-04       2.8      1.25     yes
    1094.2         8.629e-04      16.0      1.00     NO*
    1222.0         8.728e-04       5.2      1.07     yes
    1367.0         8.776e-04       4.7      1.04     yes
    1543.2         8.791e-04       1.0      1.00     yes
     159.8         8.830e-04       3.9      1.14     yes
     336.0         8.868e-04       5.0      1.14     yes
    1479.0         8.870e-04       2.6      1.06     yes
    1458.8         8.947e-04       6.8      1.04     NO*
     761.2         9.010e-04      21.1      1.08     NO*
    1331.2         9.037e-04       8.7      1.05     NO*
    1884.0         9.084e-04       9.7      1.03     NO*
    1188.8         9.146e-04      16.4      1.01     NO*
    2421.0         9.173e-04       9.2      1.08     NO*
    1115.8         9.193e-04       7.2      1.23     NO*
    2264.5         9.222e-04       9.5      1.02     NO*
    2131.0         9.245e-04       6.1      1.14     NO*
    1589.8         9.257e-04       2.2      1.09     yes
    1413.0         9.289e-04       5.6      1.00     yes
    1791.8         9.297e-04       5.6      1.08     yes
    1569.5         9.365e-04       6.3      1.02     NO*
    1919.2         9.367e-04       7.5      1.06     NO*
     560.8         9.448e-04       4.3      1.02     yes
    2028.8         9.449e-04       3.5      1.17     yes
     135.0         9.544e-04      10.4      1.17     NO*
    1506.8         9.550e-04       3.3      1.00     yes
    1772.0         9.621e-04       8.4      1.05     NO*
     270.0         9.631e-04       3.2      1.14     yes
    2240.8         9.637e-04       3.5      1.06     yes
    1944.2         9.667e-04       0.9      1.00     yes
      42.2         9.724e-04       3.6      1.00     yes
    2489.2         9.752e-04       6.5      1.17     NO*
     527.0         9.819e-04      13.8      1.12     NO*
     206.2         9.827e-04       1.3      1.00     yes
     290.8         9.873e-04       2.5      1.05     yes
    1614.0         9.881e-04       6.0      1.13     NO*
    1726.0         9.921e-04       4.8      1.27     yes
     857.2         9.940e-04       1.8      1.00     yes
    2383.2         9.945e-04      20.7      1.10     NO*
    1389.2         1.000e-03       6.9      1.00     NO*
    1707.2         1.005e-03       3.5      1.00     yes
     965.0         1.012e-03      12.2      1.10     NO*
    2085.0         1.015e-03       3.6      1.19     yes
    1525.0         1.017e-03       4.2      1.21     yes
     874.5         1.021e-03       8.2      1.02     NO*
    2441.2         1.025e-03      22.2      1.15     NO*
    1077.0         1.035e-03       7.5      1.00     NO*
     313.0         1.043e-03       5.0      1.00     yes
     491.2         1.049e-03       2.4      1.13     yes
     360.2         1.049e-03       8.3      1.02     NO*
     224.0         1.050e-03       1.9      1.11     yes
    2062.0         1.054e-03       6.0      1.03     NO*
    2109.8         1.061e-03      11.5      1.29     NO*
    2156.2         1.065e-03       1.7      1.00     yes
     718.0         1.065e-03       9.0      1.01     NO*
     242.8         1.077e-03      12.3      1.00     NO*
      88.8         1.099e-03       8.5      1.00     NO*
     892.2         1.099e-03       7.4      1.00     NO*
     784.0         1.107e-03       6.8      1.33     NO*
    2286.0         1.125e-03      13.8      1.11     NO*
    2310.2         1.145e-03      11.9      1.20     NO*
     672.0         1.163e-03      22.8      1.04     NO*
     986.5         1.174e-03       5.7      1.02     yes
    2358.2         1.187e-03       3.7      1.19     yes
    2192.8         1.189e-03       2.7      1.00     yes
     179.5         1.213e-03      24.0      1.56     NO*
      63.8         1.227e-03      35.3      1.39     NO*
    2467.0         1.248e-03      21.3      1.03     NO*
    2220.0         1.260e-03      11.8      1.06     NO*
    1031.0         1.273e-03      19.0      1.39     NO*
    1278.0         1.329e-03      31.2      1.70     NO*
    1973.0         1.360e-03      12.4      1.78     NO*
    1992.2         1.372e-03       3.7      1.00     yes
     112.0         1.450e-03      24.4      1.49     NO*
    2332.0         1.507e-03       8.8      1.29     NO*
     809.2         1.627e-03       8.8      1.79     NO*
     471.0         1.627e-03       7.4      1.85     NO*
     655.2         1.643e-03       3.0      1.00     yes
     830.0         1.717e-03      20.6      1.73     NO*
     583.0         2.004e-03      23.8      1.32     NO*
    1009.8         2.112e-03       8.0      1.16     NO*
      27.2         2.229e-03       5.1      1.00     yes
     633.8         2.294e-03       3.6      1.19     yes
    1166.0         2.325e-03      14.9      2.24     NO*
     691.8         2.779e-03      14.8      1.08     NO*
     608.8         7.070e-03       9.8      2.20     NO*
     940.2         7.935e-03      19.8      1.95     NO*
     919.0         1.005e-02      19.7      1.66     NO*
    1861.2         2.261e-01      37.3    488.79     NO*
  consensus floor = 9.449e-04 mV^2/Hz over 47 clean bands  ->  Var(n) = 0.0038 mV^2  (RMS 61.5 uV)
  carrier a = 675.231 mV  ->  SNR = 77.8 dB in the 4 Hz demod band

========================================================================
A2V-16_A4
========================================================================
 center Hz   density mV^2/Hz  worst dB  bw_ratio   clean
    1755.2         2.936e-04       2.5      1.00     yes
    1681.5         3.129e-04      15.1      1.04     NO*
    1306.2         3.163e-04       9.0      1.00     NO*
    1458.8         3.175e-04      13.6      1.06     NO*
    1331.2         3.449e-04      15.2      1.13     NO*
    1479.0         3.537e-04       4.9      1.30     yes
    1813.2         3.613e-04      12.2      1.10     NO*
    1944.2         3.618e-04       2.7      1.00     yes
    1258.2         3.675e-04      14.0      1.36     NO*
    1506.8         3.838e-04       6.5      1.00     NO*
    1726.0         3.851e-04      13.0      1.00     NO*
    1955.8         3.914e-04       1.9      1.00     yes
    1660.8         4.203e-04       4.7      1.03     yes
    1222.0         4.210e-04      10.2      2.11     NO*
     159.8         4.241e-04       6.7      1.04     NO*
    1436.0         4.278e-04      14.5      1.23     NO*
     194.8         4.317e-04       4.1      1.00     yes
     135.0         4.330e-04      18.1      1.00     NO*
     382.0         4.348e-04       7.2      2.09     NO*
    2174.0         4.666e-04      16.6      1.00     NO*
    1838.0         4.698e-04      10.3      1.13     NO*
      42.2         4.711e-04       4.5      1.00     yes
     206.2         4.715e-04       6.0      1.00     yes
    2156.2         4.764e-04       6.5      1.00     NO*
    1743.8         4.802e-04       8.4      1.00     NO*
    1294.8         4.813e-04       5.6      1.00     yes
    2240.8         4.845e-04       7.3      1.18     NO*
     242.8         4.873e-04      14.2      1.00     NO*
    1094.2         4.887e-04      21.2      1.00     NO*
    2264.5         4.927e-04      15.4      1.00     NO*
     857.2         5.029e-04       6.7      1.00     NO*
    1589.8         5.150e-04       6.1      1.13     NO*
    1140.8         5.315e-04       8.7      1.10     NO*
    1919.2         5.438e-04      17.0      1.12     NO*
    1569.5         5.438e-04      11.2      1.17     NO*
    1367.0         5.451e-04       9.6      1.09     NO*
     965.0         5.557e-04      18.5      1.10     NO*
     290.8         5.571e-04       6.8      1.09     NO*
    1115.8         5.674e-04      13.2      1.37     NO*
    2028.8         5.713e-04      10.2      1.66     NO*
     560.8         5.718e-04       8.0      1.14     NO*
     179.5         5.743e-04      27.3      1.61     NO*
    1637.0         5.869e-04      20.3      2.01     NO*
     761.2         5.913e-04      26.3      2.00     NO*
     527.0         6.048e-04      19.5      1.68     NO*
     270.0         6.055e-04       7.9      1.01     NO*
     892.2         6.121e-04      12.4      1.00     NO*
    1057.8         6.135e-04      21.9      1.00     NO*
    2286.0         6.163e-04      19.8      1.06     NO*
    1884.0         6.223e-04      12.7      1.51     NO*
     313.0         6.401e-04      10.3      1.00     NO*
     739.8         6.419e-04       4.4      1.14     yes
    1543.2         6.468e-04       1.6      1.00     yes
    1188.8         6.564e-04      22.1      1.08     NO*
     874.5         6.592e-04      22.9      1.26     NO*
      88.8         6.760e-04      15.0      1.05     NO*
    1791.8         6.908e-04      11.7      2.23     NO*
    1772.0         7.071e-04      15.1      1.03     NO*
    2131.0         7.078e-04      12.4      1.11     NO*
    1707.2         7.210e-04       9.2      1.00     NO*
    2358.2         7.511e-04       7.9      1.74     NO*
     655.2         7.571e-04       6.1      1.00     NO*
     986.5         7.775e-04      22.0      1.19     NO*
     784.0         7.777e-04      11.6      2.65     NO*
    1077.0         7.832e-04      10.9      1.49     NO*
    2109.8         7.899e-04      20.4      4.00     NO*
    2062.0         7.923e-04      10.7      1.25     NO*
    2383.2         7.953e-04      25.0      1.22     NO*
    2441.2         8.046e-04      36.1      1.65     NO*
     491.2         8.171e-04       5.7      1.56     yes
    1413.0         8.229e-04      14.7      1.21     NO*
    2310.2         9.350e-04      19.7      1.67     NO*
    1992.2         9.785e-04       6.9      1.00     NO*
      63.8         1.000e-03      35.5      1.88     NO*
    2489.2         1.056e-03      10.9      1.54     NO*
    2421.0         1.060e-03      12.8      1.44     NO*
    2085.0         1.068e-03      20.8      1.92     NO*
     224.0         1.085e-03      22.1      3.96     NO*
     336.0         1.113e-03      14.5      3.29     NO*
     718.0         1.145e-03      12.9      1.37     NO*
    1009.8         1.197e-03      13.2      1.30     NO*
      27.2         1.198e-03       6.3      1.00     NO*
    2192.8         1.251e-03      11.7      1.00     NO*
    2467.0         1.379e-03      24.5      1.09     NO*
    1614.0         1.456e-03      16.4      5.78     NO*
    1525.0         1.464e-03      14.6      5.13     NO*
     672.0         1.518e-03      26.9      1.00     NO*
     360.2         1.632e-03      17.7      4.63     NO*
    1389.2         1.759e-03      26.4      2.98     NO*
     633.8         1.827e-03       6.7      1.25     NO*
    2220.0         2.065e-03      13.9      1.53     NO*
    1031.0         2.769e-03      27.2      7.70     NO*
     830.0         2.835e-03      27.1      2.11     NO*
     809.2         3.094e-03      20.0      2.48     NO*
     691.8         4.543e-03      26.1      1.33     NO*
     919.0         6.024e-03      25.8      1.17     NO*
    1278.0         6.963e-03      42.3     12.55     NO*
     940.2         8.077e-03      24.0      1.35     NO*
     112.0         8.733e-03      27.2     17.43     NO*
     608.8         9.264e-03      14.0      4.13     NO*
     471.0         1.002e-02      25.8     14.02     NO*
    2332.0         1.129e-02      22.7      7.72     NO*
     583.0         1.198e-02      36.6     10.23     NO*
    1973.0         1.229e-02      29.5     29.36     NO*
    1166.0         2.029e-02      29.9     27.31     NO*
    1861.2         1.564e+01      55.5  17243.57     NO*
  consensus floor = 4.514e-04 mV^2/Hz over 12 clean bands  ->  Var(n) = 0.0018 mV^2  (RMS 42.5 uV)
  carrier a = 1029.829 mV  ->  SNR = 84.7 dB in the 4 Hz demod band
